Molecule name: oNH3
Physical parameters at a given cloud nb: 86
velocity gradient   -2.6078e-11 cm/s/cm
cloud height        1.0824e+17 cm
turb velocity       5.0000e+04 cm/s
gas temperature     2.6066e+02 K
h concentration     1.2819e+02 cm-3
h2 concentration    3.6226e+04 cm-3
molecule concentr   1.2312e+00 cm-3
nb of mol levels    17

Dust:
name            2_comp_model
dust mass per H 2.2583e-26
temperature (K) 1.2460e+01      

External radiation field:
No

The number of transitions	1
v, j, k1, k2, sym inv (upper) -> v, j, k1, k2, sym inv (lower)

0    3    3    0    1     -> 0    3    3    0    0    2.3870075e+10  

mean inv       1.713e-05
mean gain      -1.394e-16 cm-1
optical depth  2.018e+00
mean lum       0.000e+00 ph/cm3/s
At fixed layer:
exc temp       1.341e+03 K
loss rate      0.000e+00 s-1
satur tau      0.000e+00

relative depth   inversion    gain         luminosity   
0.000e+00        -1.687e-05   -1.935e-19   0.000e+00    
2.097e-02        -1.722e-05   -1.974e-19   0.000e+00    
4.360e-02        -1.329e-05   -1.524e-19   0.000e+00    
7.662e-02        -6.773e-06   -7.766e-20   0.000e+00    
9.685e-02        3.309e-08    3.785e-22    0.000e+00    
1.022e-01        5.457e-08    6.247e-22    0.000e+00    
1.092e-01        2.104e-07    2.411e-21    0.000e+00    
1.161e-01        7.325e-07    8.396e-21    0.000e+00    
1.215e-01        1.313e-06    1.505e-20    0.000e+00    
1.271e-01        2.023e-06    2.318e-20    0.000e+00    
1.317e-01        3.133e-06    3.591e-20    0.000e+00    
1.354e-01        3.961e-06    4.539e-20    0.000e+00    
1.396e-01        5.040e-06    5.776e-20    0.000e+00    
1.437e-01        6.516e-06    7.466e-20    0.000e+00    
1.477e-01        8.018e-06    9.186e-20    0.000e+00    
1.518e-01        9.766e-06    1.119e-19    0.000e+00    
1.558e-01        1.194e-05    1.368e-19    0.000e+00    
1.598e-01        1.429e-05    1.637e-19    0.000e+00    
1.641e-01        1.691e-05    1.937e-19    0.000e+00    
1.685e-01        2.066e-05    2.367e-19    0.000e+00    
1.729e-01        2.425e-05    2.780e-19    0.000e+00    
1.781e-01        2.937e-05    3.367e-19    0.000e+00    
1.835e-01        3.641e-05    4.176e-19    0.000e+00    
1.882e-01        4.533e-05    5.200e-19    0.000e+00    
1.925e-01        5.403e-05    6.199e-19    0.000e+00    
1.970e-01        6.601e-05    7.572e-19    0.000e+00    
2.014e-01        8.334e-05    9.550e-19    0.000e+00    
2.061e-01        1.064e-04    1.215e-18    0.000e+00    
2.106e-01        1.435e-04    1.629e-18    0.000e+00    
2.146e-01        1.835e-04    2.066e-18    0.000e+00    
2.185e-01        2.262e-04    2.517e-18    0.000e+00    
2.224e-01        2.689e-04    2.953e-18    0.000e+00    
2.264e-01        3.115e-04    3.369e-18    0.000e+00    
2.303e-01        3.532e-04    3.745e-18    0.000e+00    
2.326e-01        3.873e-04    4.022e-18    0.000e+00    
2.341e-01        3.971e-04    4.103e-18    0.000e+00    
2.372e-01        4.200e-04    4.314e-18    0.000e+00    
2.412e-01        4.482e-04    5.045e-18    0.000e+00    
2.451e-01        4.448e-04    7.337e-18    0.000e+00    
2.490e-01        4.145e-04    1.347e-17    0.000e+00    
2.531e-01        3.685e-04    2.462e-17    0.000e+00    
2.573e-01        3.072e-04    4.232e-17    0.000e+00    
2.615e-01        2.470e-04    6.108e-17    0.000e+00    
2.661e-01        1.919e-04    7.877e-17    0.000e+00    
2.712e-01        1.445e-04    9.457e-17    0.000e+00    
2.766e-01        1.091e-04    1.069e-16    0.000e+00    
2.817e-01        8.486e-05    1.152e-16    0.000e+00    
2.862e-01        7.059e-05    1.202e-16    0.000e+00    
2.906e-01        6.158e-05    1.236e-16    0.000e+00    
2.955e-01        5.440e-05    1.267e-16    0.000e+00    
3.003e-01        4.838e-05    1.300e-16    0.000e+00    
3.044e-01        4.488e-05    1.325e-16    0.000e+00    
3.085e-01        4.218e-05    1.347e-16    0.000e+00    
3.128e-01        3.985e-05    1.371e-16    0.000e+00    
3.177e-01        3.804e-05    1.398e-16    0.000e+00    
3.232e-01        3.582e-05    1.419e-16    0.000e+00    
3.288e-01        3.385e-05    1.440e-16    0.000e+00    
3.348e-01        3.199e-05    1.458e-16    0.000e+00    
3.410e-01        2.997e-05    1.464e-16    0.000e+00    
3.471e-01        2.778e-05    1.457e-16    0.000e+00    
3.529e-01        2.562e-05    1.434e-16    0.000e+00    
3.587e-01        2.341e-05    1.397e-16    0.000e+00    
3.636e-01        2.115e-05    1.345e-16    0.000e+00    
3.679e-01        1.955e-05    1.297e-16    0.000e+00    
3.729e-01        1.760e-05    1.233e-16    0.000e+00    
3.780e-01        1.549e-05    1.148e-16    0.000e+00    
3.824e-01        1.351e-05    1.058e-16    0.000e+00    
3.867e-01        1.196e-05    9.777e-17    0.000e+00    
3.910e-01        1.017e-05    8.761e-17    0.000e+00    
3.951e-01        8.793e-06    7.895e-17    0.000e+00    
3.992e-01        7.217e-06    6.800e-17    0.000e+00    
4.035e-01        5.996e-06    5.895e-17    0.000e+00    
4.069e-01        4.580e-06    4.744e-17    0.000e+00    
4.104e-01        4.145e-06    4.383e-17    0.000e+00    
4.151e-01        2.986e-06    3.330e-17    0.000e+00    
4.193e-01        2.069e-06    2.415e-17    0.000e+00    
4.234e-01        1.417e-06    1.728e-17    0.000e+00    
4.263e-01        9.087e-07    1.154e-17    0.000e+00    
4.292e-01        7.802e-07    1.007e-17    0.000e+00    
4.325e-01        4.086e-07    5.496e-18    0.000e+00    
4.359e-01        2.636e-07    3.629e-18    0.000e+00    
4.394e-01        1.092e-07    1.569e-18    0.000e+00    
4.426e-01        1.986e-08    2.920e-19    0.000e+00    
4.457e-01        -2.458e-08   -3.743e-19   0.000e+00    
4.490e-01        -2.379e-07   -3.704e-18   0.000e+00    
4.525e-01        -1.221e-06   -1.970e-17   0.000e+00    
4.560e-01        -2.437e-06   -4.035e-17   0.000e+00    
4.593e-01        -4.751e-06   -8.121e-17   0.000e+00    
4.627e-01        -6.501e-06   -1.137e-16   0.000e+00    
4.660e-01        -1.033e-05   -1.861e-16   0.000e+00    
4.696e-01        -1.218e-05   -2.243e-16   0.000e+00    
4.730e-01        -1.690e-05   -3.204e-16   0.000e+00    
4.764e-01        -1.979e-05   -3.820e-16   0.000e+00    
4.807e-01        -2.347e-05   -4.654e-16   0.000e+00    
4.838e-01        -2.818e-05   -5.727e-16   0.000e+00    
4.870e-01        -2.952e-05   -6.057e-16   0.000e+00    
4.904e-01        -3.195e-05   -6.710e-16   0.000e+00    
4.936e-01        -3.282e-05   -6.971e-16   0.000e+00    
4.973e-01        -3.489e-05   -7.532e-16   0.000e+00    
5.015e-01        -3.607e-05   -7.898e-16   0.000e+00    
5.060e-01        -3.851e-05   -8.570e-16   0.000e+00    
5.093e-01        -3.855e-05   -8.694e-16   0.000e+00    
5.126e-01        -3.871e-05   -8.776e-16   0.000e+00    
5.169e-01        -3.900e-05   -8.936e-16   0.000e+00    
5.209e-01        -3.893e-05   -8.985e-16   0.000e+00    
5.251e-01        -3.843e-05   -8.920e-16   0.000e+00    
5.292e-01        -3.758e-05   -8.759e-16   0.000e+00    
5.334e-01        -3.695e-05   -8.639e-16   0.000e+00    
5.375e-01        -3.620e-05   -8.474e-16   0.000e+00    
5.415e-01        -3.544e-05   -8.301e-16   0.000e+00    
5.457e-01        -3.465e-05   -8.110e-16   0.000e+00    
5.500e-01        -3.370e-05   -7.879e-16   0.000e+00    
5.544e-01        -3.275e-05   -7.638e-16   0.000e+00    
5.592e-01        -3.190e-05   -7.416e-16   0.000e+00    
5.639e-01        -3.086e-05   -7.141e-16   0.000e+00    
5.681e-01        -2.998e-05   -6.905e-16   0.000e+00    
5.725e-01        -2.936e-05   -6.727e-16   0.000e+00    
5.770e-01        -2.850e-05   -6.488e-16   0.000e+00    
5.815e-01        -2.764e-05   -6.252e-16   0.000e+00    
5.861e-01        -2.696e-05   -6.053e-16   0.000e+00    
5.909e-01        -2.618e-05   -5.831e-16   0.000e+00    
5.958e-01        -2.528e-05   -5.582e-16   0.000e+00    
6.002e-01        -2.461e-05   -5.379e-16   0.000e+00    
6.048e-01        -2.403e-05   -5.209e-16   0.000e+00    
6.099e-01        -2.317e-05   -4.969e-16   0.000e+00    
6.143e-01        -2.255e-05   -4.783e-16   0.000e+00    
6.190e-01        -2.204e-05   -4.635e-16   0.000e+00    
6.242e-01        -2.126e-05   -4.409e-16   0.000e+00    
6.288e-01        -2.070e-05   -4.245e-16   0.000e+00    
6.341e-01        -2.015e-05   -4.086e-16   0.000e+00    
6.393e-01        -1.946e-05   -3.886e-16   0.000e+00    
6.442e-01        -1.899e-05   -3.749e-16   0.000e+00    
6.496e-01        -1.843e-05   -3.583e-16   0.000e+00    
6.543e-01        -1.780e-05   -3.411e-16   0.000e+00    
6.588e-01        -1.735e-05   -3.288e-16   0.000e+00    
6.647e-01        -1.688e-05   -3.152e-16   0.000e+00    
6.700e-01        -1.619e-05   -2.967e-16   0.000e+00    
6.742e-01        -1.591e-05   -2.881e-16   0.000e+00    
6.785e-01        -1.557e-05   -2.785e-16   0.000e+00    
6.830e-01        -1.520e-05   -2.680e-16   0.000e+00    
6.875e-01        -1.480e-05   -2.576e-16   0.000e+00    
6.923e-01        -1.435e-05   -2.462e-16   0.000e+00    
6.972e-01        -1.410e-05   -2.383e-16   0.000e+00    
7.024e-01        -1.371e-05   -2.280e-16   0.000e+00    
7.079e-01        -1.330e-05   -2.176e-16   0.000e+00    
7.137e-01        -1.283e-05   -2.060e-16   0.000e+00    
7.201e-01        -1.248e-05   -1.968e-16   0.000e+00    
7.266e-01        -1.203e-05   -1.852e-16   0.000e+00    
7.326e-01        -1.170e-05   -1.768e-16   0.000e+00    
7.387e-01        -1.131e-05   -1.674e-16   0.000e+00    
7.450e-01        -1.103e-05   -1.600e-16   0.000e+00    
7.516e-01        -1.064e-05   -1.509e-16   0.000e+00    
7.583e-01        -1.036e-05   -1.436e-16   0.000e+00    
7.654e-01        -1.003e-05   -1.358e-16   0.000e+00    
7.722e-01        -9.664e-06   -1.276e-16   0.000e+00    
7.794e-01        -9.447e-06   -1.221e-16   0.000e+00    
7.879e-01        -9.094e-06   -1.142e-16   0.000e+00    
7.967e-01        -8.756e-06   -1.066e-16   0.000e+00    
8.056e-01        -8.465e-06   -9.979e-17   0.000e+00    
8.146e-01        -8.147e-06   -9.298e-17   0.000e+00    
8.238e-01        -7.859e-06   -8.684e-17   0.000e+00    
8.338e-01        -7.613e-06   -8.121e-17   0.000e+00    
8.442e-01        -7.296e-06   -7.493e-17   0.000e+00    
8.531e-01        -7.022e-06   -6.932e-17   0.000e+00    
8.609e-01        -6.900e-06   -6.632e-17   0.000e+00    
8.701e-01        -6.720e-06   -6.257e-17   0.000e+00    
8.807e-01        -6.525e-06   -5.851e-17   0.000e+00    
8.933e-01        -6.316e-06   -5.422e-17   0.000e+00    
9.082e-01        -6.060e-06   -4.934e-17   0.000e+00    
9.259e-01        -5.849e-06   -4.474e-17   0.000e+00    
9.460e-01        -5.567e-06   -3.946e-17   0.000e+00    
9.685e-01        -5.349e-06   -3.489e-17   0.000e+00    
1.006e+00        -5.095e-06   -3.010e-17   0.000e+00    

