Molecule name: pNH3
Physical parameters at a given cloud nb: 86
velocity gradient   -2.6078e-11 cm/s/cm
cloud height        1.0824e+17 cm
turb velocity       5.0000e+04 cm/s
gas temperature     2.6066e+02 K
h concentration     1.2819e+02 cm-3
h2 concentration    3.6226e+04 cm-3
molecule concentr   6.1466e-01 cm-3
nb of mol levels    34

Dust:
name            2_comp_model
dust mass per H 2.2583e-26
temperature (K) 1.2460e+01      

External radiation field:
No

The number of transitions	1
v, j, k1, k2, sym inv (upper) -> v, j, k1, k2, sym inv (lower)

0    2    2    0    1     -> 0    2    2    0    0    2.3722577e+10  

mean inv       -1.946e-04
mean gain      -1.929e-16 cm-1
optical depth  0.000e+00
mean lum       0.000e+00 ph/cm3/s
At fixed layer:
exc temp       0.000e+00 K
loss rate      0.000e+00 s-1
satur tau      0.000e+00

relative depth   inversion    gain         luminosity   
0.000e+00        -2.156e-04   -3.931e-19   0.000e+00    
2.097e-02        -2.246e-04   -4.095e-19   0.000e+00    
4.360e-02        -2.450e-04   -4.465e-19   0.000e+00    
7.662e-02        -2.940e-04   -5.360e-19   0.000e+00    
9.685e-02        -3.600e-04   -6.563e-19   0.000e+00    
1.022e-01        -3.698e-04   -6.740e-19   0.000e+00    
1.092e-01        -3.817e-04   -6.956e-19   0.000e+00    
1.161e-01        -3.989e-04   -7.270e-19   0.000e+00    
1.215e-01        -4.101e-04   -7.473e-19   0.000e+00    
1.271e-01        -4.221e-04   -7.691e-19   0.000e+00    
1.317e-01        -4.348e-04   -7.922e-19   0.000e+00    
1.354e-01        -4.427e-04   -8.065e-19   0.000e+00    
1.396e-01        -4.517e-04   -8.231e-19   0.000e+00    
1.437e-01        -4.624e-04   -8.425e-19   0.000e+00    
1.477e-01        -4.718e-04   -8.593e-19   0.000e+00    
1.518e-01        -4.818e-04   -8.778e-19   0.000e+00    
1.558e-01        -4.926e-04   -8.973e-19   0.000e+00    
1.598e-01        -5.032e-04   -9.166e-19   0.000e+00    
1.641e-01        -5.139e-04   -9.360e-19   0.000e+00    
1.685e-01        -5.276e-04   -9.611e-19   0.000e+00    
1.729e-01        -5.395e-04   -9.831e-19   0.000e+00    
1.781e-01        -5.546e-04   -1.011e-18   0.000e+00    
1.835e-01        -5.723e-04   -1.044e-18   0.000e+00    
1.882e-01        -5.910e-04   -1.078e-18   0.000e+00    
1.925e-01        -6.057e-04   -1.105e-18   0.000e+00    
1.970e-01        -6.207e-04   -1.132e-18   0.000e+00    
2.014e-01        -6.354e-04   -1.158e-18   0.000e+00    
2.061e-01        -6.457e-04   -1.173e-18   0.000e+00    
2.106e-01        -6.494e-04   -1.172e-18   0.000e+00    
2.146e-01        -6.398e-04   -1.145e-18   0.000e+00    
2.185e-01        -6.094e-04   -1.078e-18   0.000e+00    
2.224e-01        -5.673e-04   -9.905e-19   0.000e+00    
2.264e-01        -5.129e-04   -8.819e-19   0.000e+00    
2.303e-01        -4.472e-04   -7.539e-19   0.000e+00    
2.326e-01        -3.848e-04   -6.354e-19   0.000e+00    
2.341e-01        -3.765e-04   -6.185e-19   0.000e+00    
2.372e-01        -3.553e-04   -5.804e-19   0.000e+00    
2.412e-01        -3.162e-04   -5.658e-19   0.000e+00    
2.451e-01        -2.817e-04   -7.388e-19   0.000e+00    
2.490e-01        -2.523e-04   -1.303e-18   0.000e+00    
2.531e-01        -2.285e-04   -2.428e-18   0.000e+00    
2.573e-01        -2.067e-04   -4.526e-18   0.000e+00    
2.615e-01        -1.894e-04   -7.446e-18   0.000e+00    
2.661e-01        -1.743e-04   -1.138e-17   0.000e+00    
2.712e-01        -1.603e-04   -1.668e-17   0.000e+00    
2.766e-01        -1.479e-04   -2.304e-17   0.000e+00    
2.817e-01        -1.374e-04   -2.966e-17   0.000e+00    
2.862e-01        -1.296e-04   -3.511e-17   0.000e+00    
2.906e-01        -1.237e-04   -3.948e-17   0.000e+00    
2.955e-01        -1.180e-04   -4.371e-17   0.000e+00    
3.003e-01        -1.122e-04   -4.793e-17   0.000e+00    
3.044e-01        -1.081e-04   -5.071e-17   0.000e+00    
3.085e-01        -1.045e-04   -5.304e-17   0.000e+00    
3.128e-01        -1.009e-04   -5.517e-17   0.000e+00    
3.177e-01        -9.758e-05   -5.702e-17   0.000e+00    
3.232e-01        -9.368e-05   -5.902e-17   0.000e+00    
3.288e-01        -8.994e-05   -6.082e-17   0.000e+00    
3.348e-01        -8.626e-05   -6.251e-17   0.000e+00    
3.410e-01        -8.260e-05   -6.417e-17   0.000e+00    
3.471e-01        -7.899e-05   -6.588e-17   0.000e+00    
3.529e-01        -7.584e-05   -6.749e-17   0.000e+00    
3.587e-01        -7.289e-05   -6.918e-17   0.000e+00    
3.636e-01        -7.016e-05   -7.092e-17   0.000e+00    
3.679e-01        -6.836e-05   -7.211e-17   0.000e+00    
3.729e-01        -6.620e-05   -7.374e-17   0.000e+00    
3.780e-01        -6.410e-05   -7.551e-17   0.000e+00    
3.824e-01        -6.217e-05   -7.740e-17   0.000e+00    
3.867e-01        -6.072e-05   -7.893e-17   0.000e+00    
3.910e-01        -5.906e-05   -8.087e-17   0.000e+00    
3.951e-01        -5.782e-05   -8.255e-17   0.000e+00    
3.992e-01        -5.648e-05   -8.461e-17   0.000e+00    
4.035e-01        -5.537e-05   -8.656e-17   0.000e+00    
4.069e-01        -5.416e-05   -8.921e-17   0.000e+00    
4.104e-01        -5.372e-05   -9.033e-17   0.000e+00    
4.151e-01        -5.263e-05   -9.334e-17   0.000e+00    
4.193e-01        -5.188e-05   -9.628e-17   0.000e+00    
4.234e-01        -5.123e-05   -9.930e-17   0.000e+00    
4.263e-01        -5.077e-05   -1.025e-16   0.000e+00    
4.292e-01        -5.062e-05   -1.039e-16   0.000e+00    
4.325e-01        -5.033e-05   -1.077e-16   0.000e+00    
4.359e-01        -5.025e-05   -1.100e-16   0.000e+00    
4.394e-01        -5.019e-05   -1.147e-16   0.000e+00    
4.426e-01        -5.027e-05   -1.175e-16   0.000e+00    
4.457e-01        -5.048e-05   -1.222e-16   0.000e+00    
4.490e-01        -5.072e-05   -1.255e-16   0.000e+00    
4.525e-01        -5.126e-05   -1.315e-16   0.000e+00    
4.560e-01        -5.180e-05   -1.363e-16   0.000e+00    
4.593e-01        -5.265e-05   -1.431e-16   0.000e+00    
4.627e-01        -5.344e-05   -1.486e-16   0.000e+00    
4.660e-01        -5.475e-05   -1.568e-16   0.000e+00    
4.696e-01        -5.592e-05   -1.637e-16   0.000e+00    
4.730e-01        -5.719e-05   -1.724e-16   0.000e+00    
4.764e-01        -6.115e-05   -1.876e-16   0.000e+00    
4.807e-01        -5.987e-05   -1.887e-16   0.000e+00    
4.838e-01        -6.389e-05   -2.064e-16   0.000e+00    
4.870e-01        -6.550e-05   -2.137e-16   0.000e+00    
4.904e-01        -6.859e-05   -2.290e-16   0.000e+00    
4.936e-01        -7.075e-05   -2.389e-16   0.000e+00    
4.973e-01        -7.510e-05   -2.578e-16   0.000e+00    
5.015e-01        -7.794e-05   -2.713e-16   0.000e+00    
5.060e-01        -8.349e-05   -2.954e-16   0.000e+00    
5.093e-01        -8.902e-05   -3.192e-16   0.000e+00    
5.126e-01        -9.141e-05   -3.295e-16   0.000e+00    
5.169e-01        -9.682e-05   -3.528e-16   0.000e+00    
5.209e-01        -1.009e-04   -3.701e-16   0.000e+00    
5.251e-01        -1.042e-04   -3.844e-16   0.000e+00    
5.292e-01        -1.077e-04   -3.990e-16   0.000e+00    
5.334e-01        -1.123e-04   -4.172e-16   0.000e+00    
5.375e-01        -1.170e-04   -4.354e-16   0.000e+00    
5.415e-01        -1.206e-04   -4.492e-16   0.000e+00    
5.457e-01        -1.239e-04   -4.612e-16   0.000e+00    
5.500e-01        -1.265e-04   -4.702e-16   0.000e+00    
5.544e-01        -1.290e-04   -4.784e-16   0.000e+00    
5.592e-01        -1.312e-04   -4.851e-16   0.000e+00    
5.639e-01        -1.337e-04   -4.917e-16   0.000e+00    
5.681e-01        -1.357e-04   -4.970e-16   0.000e+00    
5.725e-01        -1.372e-04   -5.000e-16   0.000e+00    
5.770e-01        -1.391e-04   -5.033e-16   0.000e+00    
5.815e-01        -1.409e-04   -5.068e-16   0.000e+00    
5.861e-01        -1.423e-04   -5.081e-16   0.000e+00    
5.909e-01        -1.439e-04   -5.095e-16   0.000e+00    
5.958e-01        -1.455e-04   -5.108e-16   0.000e+00    
6.002e-01        -1.467e-04   -5.099e-16   0.000e+00    
6.048e-01        -1.478e-04   -5.094e-16   0.000e+00    
6.099e-01        -1.492e-04   -5.086e-16   0.000e+00    
6.143e-01        -1.501e-04   -5.061e-16   0.000e+00    
6.190e-01        -1.509e-04   -5.044e-16   0.000e+00    
6.242e-01        -1.520e-04   -5.014e-16   0.000e+00    
6.288e-01        -1.528e-04   -4.982e-16   0.000e+00    
6.341e-01        -1.535e-04   -4.948e-16   0.000e+00    
6.393e-01        -1.544e-04   -4.900e-16   0.000e+00    
6.442e-01        -1.550e-04   -4.863e-16   0.000e+00    
6.496e-01        -1.556e-04   -4.811e-16   0.000e+00    
6.543e-01        -1.562e-04   -4.759e-16   0.000e+00    
6.588e-01        -1.567e-04   -4.720e-16   0.000e+00    
6.647e-01        -1.571e-04   -4.662e-16   0.000e+00    
6.700e-01        -1.576e-04   -4.593e-16   0.000e+00    
6.742e-01        -1.579e-04   -4.547e-16   0.000e+00    
6.785e-01        -1.582e-04   -4.497e-16   0.000e+00    
6.830e-01        -1.584e-04   -4.441e-16   0.000e+00    
6.875e-01        -1.586e-04   -4.388e-16   0.000e+00    
6.923e-01        -1.588e-04   -4.332e-16   0.000e+00    
6.972e-01        -1.590e-04   -4.274e-16   0.000e+00    
7.024e-01        -1.591e-04   -4.209e-16   0.000e+00    
7.079e-01        -1.593e-04   -4.144e-16   0.000e+00    
7.137e-01        -1.593e-04   -4.068e-16   0.000e+00    
7.201e-01        -1.595e-04   -3.998e-16   0.000e+00    
7.266e-01        -1.594e-04   -3.902e-16   0.000e+00    
7.326e-01        -1.595e-04   -3.833e-16   0.000e+00    
7.387e-01        -1.593e-04   -3.750e-16   0.000e+00    
7.450e-01        -1.594e-04   -3.675e-16   0.000e+00    
7.516e-01        -1.592e-04   -3.589e-16   0.000e+00    
7.583e-01        -1.591e-04   -3.508e-16   0.000e+00    
7.654e-01        -1.589e-04   -3.422e-16   0.000e+00    
7.722e-01        -1.587e-04   -3.331e-16   0.000e+00    
7.794e-01        -1.586e-04   -3.259e-16   0.000e+00    
7.879e-01        -1.583e-04   -3.159e-16   0.000e+00    
7.967e-01        -1.579e-04   -3.056e-16   0.000e+00    
8.056e-01        -1.576e-04   -2.954e-16   0.000e+00    
8.146e-01        -1.573e-04   -2.854e-16   0.000e+00    
8.238e-01        -1.568e-04   -2.756e-16   0.000e+00    
8.338e-01        -1.565e-04   -2.654e-16   0.000e+00    
8.442e-01        -1.561e-04   -2.550e-16   0.000e+00    
8.531e-01        -1.555e-04   -2.441e-16   0.000e+00    
8.609e-01        -1.553e-04   -2.374e-16   0.000e+00    
8.701e-01        -1.550e-04   -2.295e-16   0.000e+00    
8.807e-01        -1.544e-04   -2.202e-16   0.000e+00    
8.933e-01        -1.541e-04   -2.104e-16   0.000e+00    
9.082e-01        -1.534e-04   -1.986e-16   0.000e+00    
9.259e-01        -1.529e-04   -1.859e-16   0.000e+00    
9.460e-01        -1.521e-04   -1.714e-16   0.000e+00    
9.685e-01        -1.515e-04   -1.572e-16   0.000e+00    
1.006e+00        -1.506e-04   -1.414e-16   0.000e+00    

