! three parameters are given: shock speed (cm/s), turbulent velocity (cm/s), number of specimen levels:
2.0000e+06   5.0000e+04   24
!depth(cm)        gas_temp(K)  el_temp      dust_temp(K) gasvel(cm/s) concHe(cm-3) conc_pH2     conc_oH2     conc_H       conc_e       conc_H_nucl  conc_mol     1            2            3            4            5            6            7            8            9            10           11           12           13           14           15           16           17           18           19           20           21           22           23           24           
1.0873431811e+15  4.1499e+01   4.3932e+01   9.9850e+00   2.0000e+06   1.8000e+03   9.0673e+03   9.0673e+02   3.4700e+01   7.1982e-03   2.0000e+04   3.2960e-02   1.0912e-01   3.5996e-01   1.1155e-01   3.5102e-01   8.1217e-03   2.6203e-02   8.1989e-03   2.5387e-02   4.3414e-06   2.5626e-05   4.1057e-06   2.5553e-05   1.3874e-08   6.6769e-08   9.7795e-09   4.5426e-08   1.9833e-04   1.4173e-07   1.8525e-04   0.0000e+00   2.2258e-11   8.1076e-11   2.6341e-11   6.3311e-11   
2.2696059796e+15  4.1492e+01   4.3941e+01   9.9850e+00   2.0000e+06   1.8000e+03   9.0673e+03   9.0682e+02   3.4700e+01   7.1978e-03   2.0000e+04   3.2940e-02   1.0862e-01   3.6013e-01   1.1052e-01   3.5190e-01   8.2069e-03   2.6329e-02   8.2526e-03   2.5565e-02   3.9509e-06   2.5279e-05   3.6607e-06   2.5654e-05   1.3199e-08   6.1366e-08   9.2887e-09   4.2263e-08   2.1781e-04   1.9081e-07   2.0466e-04   1.5713e-08   2.2712e-11   8.5206e-11   2.6585e-11   6.4794e-11   
4.7194229857e+15  4.1477e+01   4.3978e+01   9.9850e+00   1.9999e+06   1.8001e+03   9.0675e+03   9.0684e+02   3.4701e+01   7.2004e-03   2.0001e+04   3.2941e-02   1.0450e-01   3.6455e-01   1.0621e-01   3.5639e-01   7.7831e-03   2.6520e-02   7.8198e-03   2.5763e-02   2.8846e-06   1.8045e-05   2.6573e-06   1.8327e-05   1.1334e-08   4.4931e-08   8.0354e-09   3.0890e-08   2.1706e-04   8.7428e-08   2.0426e-04   0.0000e+00   2.2039e-11   8.4736e-11   2.5872e-11   6.4517e-11   
8.2938291425e+15  4.1456e+01   4.4242e+01   9.9850e+00   1.9998e+06   1.8002e+03   9.0679e+03   9.0697e+02   3.4703e+01   7.2187e-03   2.0002e+04   3.2943e-02   8.6623e-02   3.8500e-01   8.9601e-02   3.7445e-01   5.4595e-03   2.6961e-02   5.5727e-03   2.6035e-02   1.6163e-06   1.1093e-05   1.4828e-06   1.1193e-05   8.4162e-09   3.0686e-08   6.2253e-09   2.0927e-08   1.4383e-04   2.9301e-08   1.3259e-04   7.1871e-09   1.7468e-11   6.8580e-11   2.1844e-11   5.8482e-11   
1.0482699536e+16  4.1476e+01   4.5615e+01   9.9860e+00   1.9995e+06   1.8004e+03   9.0691e+03   9.0727e+02   3.4708e+01   7.3035e-03   2.0005e+04   3.2948e-02   6.5395e-02   4.1253e-01   7.0941e-02   3.9656e-01   1.6265e-03   2.6183e-02   1.8587e-03   2.4899e-02   6.0495e-07   4.4455e-06   5.5749e-07   4.6228e-06   5.5189e-09   2.1446e-08   4.5364e-09   1.4729e-08   4.8003e-06   3.3965e-09   0.0000e+00   8.6576e-10   9.8232e-12   3.7892e-11   1.5230e-11   4.6004e-11   
1.1062723442e+16  4.1486e+01   4.6027e+01   9.9860e+00   1.9995e+06   1.8005e+03   9.0694e+03   9.0730e+02   3.4709e+01   7.3278e-03   2.0005e+04   3.2949e-02   7.2006e-02   4.0760e-01   7.7912e-02   3.9051e-01   1.5880e-03   2.4966e-02   1.7860e-03   2.3628e-02   5.9313e-07   4.3046e-06   5.4593e-07   4.4365e-06   5.3574e-09   2.0346e-08   4.4814e-09   1.4154e-08   3.0229e-06   2.8983e-09   0.0000e+00   7.4889e-10   9.5209e-12   3.6308e-11   1.4971e-11   4.4268e-11   
1.1824284059e+16  4.1502e+01   4.6634e+01   9.9860e+00   1.9994e+06   1.8006e+03   9.0697e+03   9.0742e+02   3.4711e+01   7.3624e-03   2.0006e+04   3.2950e-02   6.5903e-02   4.1313e-01   7.1366e-02   3.9671e-01   1.4044e-03   2.5586e-02   1.6001e-03   2.4288e-02   4.8910e-07   3.6627e-06   4.4788e-07   3.7877e-06   5.2320e-09   2.0172e-08   4.3653e-09   1.3960e-08   3.7919e-06   2.2634e-09   0.0000e+00   5.9786e-10   9.4297e-12   3.7079e-11   1.4832e-11   4.5126e-11   
1.2564481131e+16  4.1537e+01   4.7822e+01   9.9870e+00   1.9993e+06   1.8007e+03   9.0703e+03   9.0748e+02   3.4713e+01   7.4276e-03   2.0008e+04   3.2952e-02   7.3556e-02   4.0705e-01   7.8396e-02   3.9046e-01   1.1731e-03   2.4653e-02   1.3414e-03   2.3358e-02   4.5204e-07   3.3532e-06   4.0594e-07   3.4042e-06   5.0097e-09   1.9140e-08   4.2736e-09   1.3368e-08   2.4406e-06   1.5999e-09   2.8948e-08   4.1380e-10   8.9900e-12   3.5814e-11   1.4503e-11   4.3864e-11   
1.3153234165e+16  4.1571e+01   4.8847e+01   9.9880e+00   1.9992e+06   1.8008e+03   9.0707e+03   9.0761e+02   3.4715e+01   7.4817e-03   2.0009e+04   3.2974e-02   8.0031e-02   4.0173e-01   8.4309e-02   3.8511e-01   1.0322e-03   2.3943e-02   1.1814e-03   2.2654e-02   4.3090e-07   3.1862e-06   3.8461e-07   3.1992e-06   4.8741e-09   1.8470e-08   4.2271e-09   1.3004e-08   1.5847e-06   1.2420e-09   2.8123e-08   3.2181e-10   8.7142e-12   3.4910e-11   1.4332e-11   4.2989e-11   
1.3757929355e+16  4.1617e+01   5.0183e+01   9.9890e+00   1.9990e+06   1.8009e+03   9.0712e+03   9.0767e+02   3.4717e+01   7.5493e-03   2.0010e+04   3.2976e-02   1.8808e-01   3.2620e-01   1.7974e-01   3.0558e-01   5.8573e-05   2.1803e-04   2.1567e-05   8.3750e-05   6.3647e-07   2.9538e-06   5.4520e-07   2.4294e-06   2.6566e-09   4.8761e-09   3.4771e-09   6.2639e-09   3.8467e-10   1.8252e-10   5.0431e-11   2.8116e-11   2.6213e-12   3.8164e-12   9.9014e-12   1.4289e-11   
1.4254331321e+16  4.1681e+01   5.1930e+01   9.9900e+00   1.9989e+06   1.8010e+03   9.0719e+03   9.0773e+02   3.4719e+01   7.6341e-03   2.0011e+04   3.2978e-02   1.8810e-01   3.2626e-01   1.7970e-01   3.0558e-01   5.1133e-05   2.1218e-04   1.9186e-05   8.0605e-05   5.6157e-07   2.6162e-06   4.8101e-07   2.1533e-06   2.6542e-09   4.8495e-09   3.4778e-09   6.2415e-09   3.6077e-10   1.7403e-10   4.8638e-11   2.7535e-11   2.6502e-12   3.8622e-12   1.0045e-11   1.4495e-11   
1.4654588581e+16  4.1730e+01   5.3253e+01   9.9910e+00   1.9988e+06   1.8011e+03   9.0722e+03   9.0786e+02   3.4721e+01   7.6956e-03   2.0012e+04   3.2980e-02   1.8817e-01   3.2625e-01   1.7970e-01   3.0553e-01   4.6690e-05   2.0272e-04   1.7584e-05   7.6385e-05   5.1960e-07   2.4291e-06   4.4525e-07   1.9994e-06   2.6566e-09   4.8418e-09   3.4835e-09   6.2386e-09   3.4370e-10   1.6977e-10   4.7306e-11   2.7246e-11   2.6736e-12   3.8932e-12   1.0159e-11   1.4654e-11   
1.5107124839e+16  4.1797e+01   5.4974e+01   9.9930e+00   1.9987e+06   1.8012e+03   9.0728e+03   9.0791e+02   3.4723e+01   7.7725e-03   2.0013e+04   3.2982e-02   1.8828e-01   3.2622e-01   1.7972e-01   3.0545e-01   4.1843e-05   1.8842e-04   1.5758e-05   7.0446e-05   4.7628e-07   2.2316e-06   4.0800e-07   1.8379e-06   2.6640e-09   4.8425e-09   3.4946e-09   6.2472e-09   3.2458e-10   1.6573e-10   4.5858e-11   2.6992e-11   2.7067e-12   3.9341e-12   1.0317e-11   1.4873e-11   
1.5559158785e+16  4.1894e+01   5.7363e+01   9.9950e+00   1.9985e+06   1.8013e+03   9.0734e+03   9.0806e+02   3.4726e+01   7.8743e-03   2.0015e+04   3.2985e-02   1.8832e-01   3.2629e-01   1.7969e-01   3.0541e-01   3.7241e-05   1.7131e-04   1.4031e-05   6.3637e-05   4.2983e-07   2.0225e-06   3.6828e-07   1.6661e-06   2.6796e-09   4.8581e-09   3.5187e-09   6.2775e-09   3.0554e-10   1.6271e-10   4.4456e-11   2.6881e-11   2.7585e-12   3.9989e-12   1.0550e-11   1.5199e-11   
1.5984103359e+16  4.1997e+01   5.9839e+01   9.9970e+00   1.9984e+06   1.8015e+03   9.0740e+03   9.0813e+02   3.4728e+01   7.9747e-03   2.0016e+04   3.2987e-02   1.8830e-01   3.2642e-01   1.7963e-01   3.0539e-01   3.3886e-05   1.5512e-04   1.2781e-05   5.7391e-05   3.9300e-07   1.8594e-06   3.3678e-07   1.5321e-06   2.7006e-09   4.8892e-09   3.5485e-09   6.3246e-09   2.9151e-10   1.6127e-10   4.3526e-11   2.6954e-11   2.8177e-12   4.0736e-12   1.0808e-11   1.5562e-11   
1.6427066305e+16  4.2129e+01   6.2856e+01   1.0000e+01   1.9982e+06   1.8016e+03   9.0748e+03   9.0829e+02   3.4732e+01   8.0913e-03   2.0018e+04   3.2990e-02   1.8832e-01   3.2654e-01   1.7957e-01   3.0534e-01   3.0531e-05   1.3951e-04   1.1520e-05   5.1478e-05   3.5849e-07   1.7056e-06   3.0747e-07   1.4071e-06   2.7320e-09   4.9405e-09   3.5923e-09   6.3980e-09   2.8013e-10   1.6094e-10   4.2884e-11   2.7176e-11   2.8971e-12   4.1772e-12   1.1145e-11   1.6040e-11   
1.6869249034e+16  4.2303e+01   6.6647e+01   1.0000e+01   1.9980e+06   1.8018e+03   9.0756e+03   9.0847e+02   3.4735e+01   8.2304e-03   2.0020e+04   3.3013e-02   1.8833e-01   3.2671e-01   1.7948e-01   3.0528e-01   2.7135e-05   1.1746e-04   1.0286e-05   4.3326e-05   3.2544e-07   1.5564e-06   2.7965e-07   1.2870e-06   2.7790e-09   5.0193e-09   3.6565e-09   6.5023e-09   2.6831e-10   1.6177e-10   4.2306e-11   2.7624e-11   3.0064e-12   4.3170e-12   1.1608e-11   1.6694e-11   
1.7291915489e+16  4.2509e+01   7.0855e+01   1.0010e+01   1.9978e+06   1.8020e+03   9.0765e+03   9.0865e+02   3.4739e+01   8.3775e-03   2.0022e+04   3.3017e-02   1.8828e-01   3.2695e-01   1.7935e-01   3.0524e-01   2.4547e-05   1.0741e-04   9.2799e-06   3.9633e-05   2.9718e-07   1.4312e-06   2.5578e-07   1.1844e-06   2.8399e-09   5.1295e-09   3.7389e-09   6.6612e-09   2.6609e-10   1.6444e-10   4.2748e-11   2.8316e-11   3.1459e-12   4.5097e-12   1.2179e-11   1.7511e-11   
1.7759786784e+16  4.2759e+01   7.5582e+01   1.0010e+01   1.9976e+06   1.8022e+03   9.0774e+03   9.0892e+02   3.4743e+01   8.5356e-03   2.0025e+04   3.3021e-02   1.8827e-01   3.2719e-01   1.7921e-01   3.0517e-01   2.1971e-05   9.2699e-05   8.3422e-06   3.4269e-05   2.7288e-07   1.3224e-06   2.3546e-07   1.0951e-06   2.9199e-09   5.2790e-09   3.8463e-09   6.8578e-09   2.6415e-10   1.6863e-10   4.3319e-11   2.9273e-11   3.3231e-12   4.7506e-12   1.2906e-11   1.8548e-11   
1.8236186445e+16  4.3163e+01   8.2431e+01   1.0020e+01   1.9972e+06   1.8025e+03   9.0789e+03   9.0925e+02   3.4749e+01   8.7552e-03   2.0028e+04   3.3027e-02   1.8811e-01   3.2771e-01   1.7891e-01   3.0513e-01   1.9506e-05   8.3348e-05   7.4216e-06   3.0793e-05   2.4739e-07   1.2041e-06   2.1413e-07   9.9928e-07   3.0597e-09   5.5414e-09   4.0337e-09   7.2044e-09   2.7175e-10   1.7749e-10   4.5342e-11   3.1075e-11   3.6326e-12   5.1847e-12   1.4157e-11   2.0347e-11   
1.8714880045e+16  4.3604e+01   8.8967e+01   1.0030e+01   1.9969e+06   1.8029e+03   9.0802e+03   9.0957e+02   3.4755e+01   8.9568e-03   2.0032e+04   3.3032e-02   1.8805e-01   3.2816e-01   1.7865e-01   3.0501e-01   1.7472e-05   7.3732e-05   6.6707e-06   2.7255e-05   2.3011e-07   1.1234e-06   1.9984e-07   9.3330e-07   3.2252e-09   5.8507e-09   4.2544e-09   7.6111e-09   2.8276e-10   1.8868e-10   4.7871e-11   3.3255e-11   3.9984e-12   5.6965e-12   1.5637e-11   2.2471e-11   
1.9273470744e+16  4.4313e+01   9.7806e+01   1.0050e+01   1.9964e+06   1.8033e+03   9.0821e+03   9.1012e+02   3.4764e+01   9.2236e-03   2.0037e+04   3.3060e-02   1.8818e-01   3.2864e-01   1.7836e-01   3.0471e-01   1.4838e-05   6.2275e-05   5.6976e-06   2.3050e-05   2.1427e-07   1.0445e-06   1.8674e-07   8.6949e-07   3.5138e-09   6.3880e-09   4.6386e-09   8.3156e-09   3.0587e-10   2.0924e-10   5.2654e-11   3.7126e-11   4.6509e-12   6.6117e-12   1.8284e-11   2.6263e-11   
1.9860589880e+16  4.5447e+01   1.0932e+02   1.0080e+01   1.9958e+06   1.8039e+03   9.0847e+03   9.1092e+02   3.4775e+01   9.5556e-03   2.0043e+04   3.3071e-02   1.8801e-01   3.2979e-01   1.7769e-01   3.0442e-01   1.2931e-05   5.3703e-05   4.9761e-06   1.9944e-05   2.0402e-07   9.8836e-07   1.7954e-07   8.2559e-07   4.0317e-09   7.3515e-09   5.3265e-09   9.5727e-09   3.5616e-10   2.4829e-10   6.2128e-11   4.4318e-11   5.8787e-12   8.3424e-12   2.3261e-11   3.3421e-11   
2.0375548358e+16  4.7080e+01   1.2224e+02   1.0120e+01   1.9949e+06   1.8047e+03   9.0877e+03   9.1205e+02   3.4790e+01   9.9150e-03   2.0052e+04   3.3105e-02   1.8805e-01   3.3113e-01   1.7689e-01   3.0385e-01   1.1083e-05   4.6882e-05   4.3071e-06   1.7445e-05   2.0438e-07   9.7310e-07   1.8124e-07   8.1721e-07   4.8875e-09   8.9378e-09   6.4624e-09   1.1639e-08   4.4667e-10   3.1615e-10   7.8683e-11   5.6593e-11   8.0855e-12   1.1457e-11   3.2269e-11   4.6371e-11   
2.0835660879e+16  4.8872e+01   1.3382e+02   1.0170e+01   1.9941e+06   1.8054e+03   9.0905e+03   9.1324e+02   3.4804e+01   1.0219e-02   2.0060e+04   3.3119e-02   1.8794e-01   3.3274e-01   1.7597e-01   3.0329e-01   1.0147e-05   4.2337e-05   3.9363e-06   1.5877e-05   2.1386e-07   1.0012e-06   1.9177e-07   8.4554e-07   5.9807e-09   1.0966e-08   7.9155e-09   1.4272e-08   5.7033e-10   4.0748e-10   1.0101e-10   7.3107e-11   1.1210e-11   1.5868e-11   4.5124e-11   6.4880e-11   
2.1318787009e+16  5.1505e+01   1.4796e+02   1.0240e+01   1.9931e+06   1.8061e+03   9.0942e+03   9.1479e+02   3.4822e+01   1.0565e-02   2.0070e+04   3.3156e-02   1.8799e-01   3.3509e-01   1.7461e-01   3.0224e-01   9.3309e-06   3.9253e-05   3.6197e-06   1.4706e-05   2.3532e-07   1.0734e-06   2.1305e-07   9.1422e-07   7.8297e-09   1.4372e-08   1.0342e-08   1.8665e-08   7.9189e-10   5.6816e-10   1.4052e-10   1.0208e-10   1.7263e-11   2.4420e-11   7.0269e-11   1.0107e-10   
2.1803060126e+16  5.5498e+01   1.6542e+02   1.0350e+01   1.9918e+06   1.8074e+03   9.0990e+03   9.1690e+02   3.4846e+01   1.0962e-02   2.0084e+04   3.3199e-02   1.8823e-01   3.3879e-01   1.7249e-01   3.0043e-01   8.7777e-06   3.7480e-05   3.3899e-06   1.3876e-05   2.7561e-07   1.2163e-06   2.5293e-07   1.0489e-06   1.1194e-08   2.0540e-08   1.4694e-08   2.6524e-08   1.2265e-09   8.7854e-10   2.1717e-10   1.5807e-10   3.0445e-11   4.3067e-11   1.2590e-10   1.8108e-10   
2.2309670520e+16  6.1113e+01   1.8600e+02   1.0510e+01   1.9901e+06   1.8089e+03   9.1032e+03   9.1924e+02   3.4875e+01   1.1380e-02   2.0101e+04   3.3247e-02   1.8869e-01   3.4376e-01   1.6969e-01   2.9780e-01   8.6011e-06   3.6452e-05   3.2868e-06   1.3328e-05   3.4544e-07   1.4711e-06   3.2306e-07   1.2894e-06   1.7197e-08   3.1508e-08   2.2374e-08   4.0388e-08   2.0857e-09   1.4865e-09   3.6711e-10   2.6723e-10   5.9522e-11   8.4230e-11   2.5149e-10   3.6167e-10   
2.2794733591e+16  7.0788e+01   2.1634e+02   1.0770e+01   1.9876e+06   1.8112e+03   9.1122e+03   9.2297e+02   3.4940e+01   1.1881e-02   2.0127e+04   3.3330e-02   1.8985e-01   3.5137e-01   1.6547e-01   2.9324e-01   8.8410e-06   3.7271e-05   3.3143e-06   1.3332e-05   4.8989e-07   1.9965e-06   4.6970e-07   1.7937e-06   3.0918e-08   5.6469e-08   3.9695e-08   7.1560e-08   4.3635e-09   3.0767e-09   7.5838e-10   5.5098e-10   1.4653e-10   2.0763e-10   6.4149e-10   9.2155e-10   
2.3224487464e+16  8.2058e+01   2.4796e+02   1.1050e+01   1.9850e+06   1.8136e+03   9.1219e+03   9.2669e+02   3.4987e+01   1.2075e-02   2.0154e+04   3.3395e-02   1.9146e-01   3.5870e-01   1.6150e-01   2.8826e-01   9.4886e-06   3.9545e-05   3.4854e-06   1.3842e-05   6.8535e-07   2.6985e-06   6.7264e-07   2.4800e-06   5.1666e-08   9.3981e-08   6.5554e-08   1.1790e-07   8.4483e-09   5.8951e-09   1.4490e-09   1.0501e-09   3.1797e-10   4.5135e-10   1.4466e-09   2.0731e-09   
2.3649682317e+16  9.6684e+01   2.8858e+02   1.1390e+01   1.9818e+06   1.8166e+03   9.1340e+03   9.3103e+02   3.5044e+01   1.1699e-02   2.0187e+04   3.3490e-02   1.9359e-01   3.6607e-01   1.5766e-01   2.8259e-01   1.0704e-05   4.4349e-05   3.8480e-06   1.5044e-05   9.7042e-07   3.7161e-06   9.7572e-07   3.5026e-06   8.4442e-08   1.5280e-07   1.0613e-07   1.9027e-07   1.6226e-08   1.1182e-08   2.7391e-09   1.9806e-09   6.5803e-10   9.3630e-10   3.1326e-09   4.4689e-09   
2.4072904214e+16  1.1409e+02   3.4358e+02   1.1770e+01   1.9781e+06   1.8199e+03   9.1486e+03   9.3590e+02   3.5132e+01   1.1536e-02   2.0226e+04   3.3595e-02   1.9551e-01   3.7352e-01   1.5397e-01   2.7692e-01   1.1802e-05   4.8622e-05   4.1189e-06   1.5632e-05   1.2781e-06   4.8233e-06   1.3270e-06   4.6931e-06   1.3015e-07   2.3514e-07   1.6238e-07   2.9121e-07   2.8026e-08   1.9367e-08   4.6839e-09   3.4013e-09   1.2168e-09   1.7386e-09   6.0482e-09   8.6017e-09   
2.4508840646e+16  1.3564e+02   4.2563e+02   1.2210e+01   1.9734e+06   1.8243e+03   9.1674e+03   9.4140e+02   3.5217e+01   1.1906e-02   2.0274e+04   3.3716e-02   1.9739e-01   3.8066e-01   1.5058e-01   2.7127e-01   1.2549e-05   5.0750e-05   4.2396e-06   1.5301e-05   1.6156e-06   6.0004e-06   1.7341e-06   6.0598e-06   1.9137e-07   3.4514e-07   2.3744e-07   4.2589e-07   4.5755e-08   3.1916e-08   7.6064e-09   5.5655e-09   2.0682e-09   2.9707e-09   1.0765e-08   1.5249e-08   
2.4927999670e+16  1.6508e+02   5.6115e+02   1.2730e+01   1.9671e+06   1.8302e+03   9.1935e+03   9.4804e+02   3.5351e+01   1.2492e-02   2.0340e+04   3.3907e-02   1.9986e-01   3.8746e-01   1.4730e-01   2.6528e-01   1.3102e-05   5.1616e-05   4.2273e-06   1.4568e-05   2.0279e-06   7.4734e-06   2.2501e-06   7.7157e-06   2.7750e-07   5.0139e-07   3.4042e-07   6.1068e-07   7.2970e-08   5.1143e-08   1.2086e-08   8.8828e-09   3.3775e-09   4.8559e-09   1.8289e-08   2.6261e-08   
2.5173019469e+16  2.0034e+02   7.3168e+02   1.3210e+01   1.9601e+06   1.8366e+03   9.2221e+03   9.5421e+02   3.5479e+01   1.3082e-02   2.0414e+04   3.4071e-02   2.0286e-01   3.9302e-01   1.4432e-01   2.5969e-01   1.3508e-05   5.1692e-05   4.1124e-06   1.3781e-05   2.4677e-06   9.1077e-06   2.8047e-06   9.3990e-06   3.7911e-07   6.8963e-07   4.5495e-07   8.1898e-07   1.0676e-07   7.4606e-08   1.7631e-08   1.2952e-08   4.9687e-09   7.1013e-09   2.7494e-08   4.1099e-08   
2.5342391630e+16  2.1131e+02   7.8075e+02   1.3330e+01   1.9580e+06   1.8386e+03   9.2311e+03   9.5588e+02   3.5517e+01   1.3239e-02   2.0435e+04   3.4127e-02   2.0328e-01   3.9333e-01   1.4426e-01   2.5901e-01   1.3471e-05   5.0944e-05   4.0908e-06   1.3508e-05   2.5738e-06   9.4617e-06   2.9417e-06   9.8197e-06   4.0706e-07   7.3935e-07   4.9018e-07   8.8111e-07   1.1511e-07   8.0581e-08   1.9004e-08   1.3982e-08   5.5343e-09   7.9069e-09   3.0685e-08   4.5851e-08   
2.5679530462e+16  2.4263e+02   9.0288e+02   1.3630e+01   1.9526e+06   1.8438e+03   9.2558e+03   9.6019e+02   3.5618e+01   1.3627e-02   2.0493e+04   3.4244e-02   2.0431e-01   3.9380e-01   1.4424e-01   2.5754e-01   1.3385e-05   4.9103e-05   4.0428e-06   1.2860e-05   2.8510e-06   1.0363e-05   3.2930e-06   1.0898e-05   4.8156e-07   8.7173e-07   5.8532e-07   1.0487e-06   1.3749e-07   9.6674e-08   2.2692e-08   1.6757e-08   7.1415e-09   1.0193e-08   3.9765e-08   5.9344e-08   
2.6107152118e+16  3.2059e+02   1.1148e+03   1.4180e+01   1.9405e+06   1.8552e+03   9.3115e+03   9.6876e+02   3.5862e+01   1.4265e-02   2.0622e+04   3.4233e-02   2.0615e-01   3.9367e-01   1.4455e-01   2.5551e-01   1.3206e-05   4.5616e-05   3.9638e-06   1.1746e-05   3.3880e-06   1.2085e-05   3.9761e-06   1.2997e-05   6.3543e-07   1.1435e-06   7.8760e-07   1.4028e-06   1.8401e-07   1.3054e-07   3.0429e-08   2.2622e-08   1.0881e-08   1.5500e-08   6.0912e-08   9.0637e-08   
2.6529814043e+16  4.2340e+02   1.2984e+03   1.4680e+01   1.9259e+06   1.8692e+03   9.3790e+03   9.7795e+02   3.6137e+01   1.4611e-02   2.0781e+04   3.2501e-02   2.0802e-01   3.9243e-01   1.4518e-01   2.5426e-01   1.2617e-05   4.0664e-05   3.7853e-06   1.0423e-05   3.8559e-06   1.3509e-05   4.5830e-06   1.4816e-05   7.8479e-07   1.4032e-06   9.9030e-07   1.7529e-06   2.2918e-07   1.6427e-07   3.8072e-08   2.8496e-08   1.5014e-08   2.1341e-08   8.4291e-08   1.2495e-07   
2.6950238299e+16  5.4702e+02   1.4600e+03   1.5140e+01   1.9083e+06   1.8866e+03   9.4630e+03   9.9021e+02   3.6494e+01   1.4543e-02   2.0974e+04   2.5147e-02   2.1121e-01   3.8942e-01   1.4620e-01   2.5308e-01   1.0569e-05   3.0033e-05   3.2166e-06   7.8830e-06   4.1393e-06   1.4146e-05   4.9725e-06   1.5850e-05   9.1001e-07   1.6101e-06   1.1628e-06   2.0371e-06   2.6632e-07   1.9433e-07   4.4625e-08   3.3732e-08   1.8933e-08   2.6818e-08   1.0656e-07   1.5684e-07   
2.7392245673e+16  6.7944e+02   1.5924e+03   1.5530e+01   1.8886e+06   1.9061e+03   9.5526e+03   1.0100e+03   3.6918e+01   1.3916e-02   2.1193e+04   1.2701e-02   2.1642e-01   3.8429e-01   1.4755e-01   2.5166e-01   7.2427e-06   1.6344e-05   2.3210e-06   4.6998e-06   4.1969e-06   1.3837e-05   5.0818e-06   1.5903e-05   1.0013e-06   1.7436e-06   1.2872e-06   2.2218e-06   2.9297e-07   2.1950e-07   4.9689e-08   3.8056e-08   2.2237e-08   3.1338e-08   1.2550e-07   1.8258e-07   
2.7847974870e+16  8.2046e+02   1.7088e+03   1.5880e+01   1.8648e+06   1.9306e+03   9.6403e+03   1.0558e+03   3.7414e+01   1.2618e-02   2.1465e+04   6.0618e-03   2.1956e-01   3.8072e-01   1.4846e-01   2.5119e-01   5.5244e-06   1.0498e-05   1.8650e-06   3.3162e-06   4.2703e-06   1.3756e-05   5.1974e-06   1.6061e-05   1.0770e-06   1.8556e-06   1.3920e-06   2.3792e-06   3.1641e-07   2.4067e-07   5.4234e-08   4.1822e-08   2.5189e-08   3.5387e-08   1.4153e-07   2.0436e-07   
2.8302271735e+16  9.2503e+02   1.7896e+03   1.6200e+01   1.8415e+06   1.9548e+03   9.6934e+03   1.1383e+03   3.7953e+01   1.1242e-02   2.1737e+04   5.5474e-03   2.1944e-01   3.7968e-01   1.4895e-01   2.5186e-01   5.5738e-06   1.0429e-05   1.9091e-06   3.3518e-06   4.4379e-06   1.4262e-05   5.3952e-06   1.6660e-05   1.1318e-06   1.9478e-06   1.4718e-06   2.5133e-06   3.3318e-07   2.5379e-07   5.7715e-08   4.4525e-08   2.7386e-08   3.8464e-08   1.5153e-07   2.1862e-07   
2.8798837522e+16  9.9937e+02   1.8493e+03   1.6470e+01   1.8169e+06   1.9814e+03   9.7084e+03   1.2702e+03   3.8534e+01   1.0123e-02   2.2032e+04   3.4238e-03   2.2008e-01   3.7741e-01   1.4978e-01   2.5266e-01   5.0044e-06   8.7148e-06   1.7806e-06   2.9655e-06   4.4879e-06   1.4280e-05   5.4438e-06   1.6717e-05   1.1677e-06   2.0009e-06   1.5239e-06   2.5919e-06   3.4467e-07   2.6401e-07   6.0743e-08   4.6961e-08   2.9345e-08   4.1168e-08   1.5856e-07   2.2808e-07   
2.9350803914e+16  1.0535e+03   1.8962e+03   1.6700e+01   1.7883e+06   2.0132e+03   9.6840e+03   1.4708e+03   3.9198e+01   9.3897e-03   2.2386e+04   1.1464e-03   2.2089e-01   3.7429e-01   1.5094e-01   2.5381e-01   4.1660e-06   6.5706e-06   1.5754e-06   2.4309e-06   4.4718e-06   1.4019e-05   5.4020e-06   1.6447e-05   1.1951e-06   2.0349e-06   1.5639e-06   2.6442e-06   3.5430e-07   2.7337e-07   6.3996e-08   4.9611e-08   3.1468e-08   4.4073e-08   1.6422e-07   2.3526e-07   
2.9936253699e+16  1.0928e+03   1.9293e+03   1.6880e+01   1.7556e+06   2.0505e+03   9.6232e+03   1.7401e+03   3.9953e+01   9.0321e-03   2.2804e+04   2.5016e-04   2.2073e-01   3.7145e-01   1.5221e-01   2.5554e-01   3.7183e-06   5.5069e-06   1.4831e-06   2.1774e-06   4.4990e-06   1.3943e-05   5.4004e-06   1.6317e-05   1.2242e-06   2.0750e-06   1.6074e-06   2.7060e-06   3.6393e-07   2.8204e-07   6.7736e-08   5.2578e-08   3.3870e-08   4.7388e-08   1.6900e-07   2.4150e-07   
3.0492704395e+16  1.1217e+03   1.9490e+03   1.7020e+01   1.7196e+06   2.0935e+03   9.5324e+03   2.0666e+03   4.0790e+01   8.8966e-03   2.3282e+04   9.2941e-05   2.1971e-01   3.6899e-01   1.5355e-01   2.5769e-01   3.6943e-06   5.3642e-06   1.5306e-06   2.2117e-06   4.6074e-06   1.4205e-05   5.4796e-06   1.6502e-05   1.2580e-06   2.1290e-06   1.6592e-06   2.7889e-06   3.7398e-07   2.9036e-07   7.1954e-08   5.5855e-08   3.6537e-08   5.1095e-08   1.7327e-07   2.4733e-07   
3.0977269069e+16  1.1394e+03   1.9558e+03   1.7090e+01   1.6865e+06   2.1346e+03   9.4403e+03   2.3866e+03   4.1615e+01   8.8625e-03   2.3739e+04   8.6672e-05   2.1857e-01   3.6696e-01   1.5474e-01   2.5967e-01   3.8343e-06   5.5563e-06   1.6324e-06   2.3558e-06   4.7317e-06   1.4568e-05   5.5749e-06   1.6786e-05   1.2894e-06   2.1816e-06   1.7071e-06   2.8692e-06   3.8306e-07   2.9766e-07   7.5929e-08   5.8926e-08   3.9021e-08   5.4555e-08   1.7682e-07   2.5224e-07   
3.1451909745e+16  1.1497e+03   1.9546e+03   1.7130e+01   1.6563e+06   2.1736e+03   9.3526e+03   2.6901e+03   4.2399e+01   8.8612e-03   2.4173e+04   9.5385e-05   2.1754e-01   3.6521e-01   1.5578e-01   2.6140e-01   3.9863e-06   5.7791e-06   1.7364e-06   2.5076e-06   4.8468e-06   1.4911e-05   5.6628e-06   1.7052e-05   1.3179e-06   2.2295e-06   1.7497e-06   2.9408e-06   3.9122e-07   3.0420e-07   7.9599e-08   6.1757e-08   4.1292e-08   5.7718e-08   1.7986e-07   2.5645e-07   
3.1988780866e+16  1.1554e+03   1.9463e+03   1.7150e+01   1.6217e+06   2.2200e+03   9.2524e+03   3.0472e+03   4.3303e+01   8.8757e-03   2.4688e+04   1.0762e-04   2.1642e-01   3.6333e-01   1.5691e-01   2.6327e-01   4.1665e-06   6.0449e-06   1.8597e-06   2.6887e-06   4.9778e-06   1.5303e-05   5.7628e-06   1.7356e-05   1.3504e-06   2.2844e-06   1.7973e-06   3.0207e-06   4.0049e-07   3.1163e-07   8.3826e-08   6.5016e-08   4.3879e-08   6.1323e-08   1.8318e-07   2.6105e-07   
3.2503619041e+16  1.1549e+03   1.9284e+03   1.7130e+01   1.5801e+06   2.2783e+03   9.1381e+03   3.4849e+03   4.4467e+01   8.9067e-03   2.5337e+04   1.2296e-04   2.1519e-01   3.6124e-01   1.5815e-01   2.6535e-01   4.3850e-06   6.3683e-06   2.0113e-06   2.9114e-06   5.1345e-06   1.5770e-05   5.8835e-06   1.7724e-05   1.3897e-06   2.3506e-06   1.8532e-06   3.1149e-06   4.1159e-07   3.2053e-07   8.8910e-08   6.8938e-08   4.6949e-08   6.5598e-08   1.8705e-07   2.6640e-07   
3.2946601541e+16  1.1496e+03   1.9086e+03   1.7100e+01   1.5465e+06   2.3279e+03   9.0539e+03   3.8441e+03   4.5461e+01   8.9398e-03   2.5889e+04   1.3584e-04   2.1426e-01   3.5969e-01   1.5908e-01   2.6689e-01   4.5647e-06   6.6342e-06   2.1366e-06   3.0960e-06   5.2617e-06   1.6150e-05   5.9829e-06   1.8028e-05   1.4218e-06   2.4047e-06   1.8978e-06   3.1902e-06   4.2065e-07   3.2779e-07   9.3023e-08   7.2110e-08   4.9397e-08   6.9006e-08   1.9013e-07   2.7066e-07   
3.3395452838e+16  1.1408e+03   1.8855e+03   1.7050e+01   1.5137e+06   2.3784e+03   8.9816e+03   4.1956e+03   4.6472e+01   8.9781e-03   2.6450e+04   1.4870e-04   2.1344e-01   3.5831e-01   1.5990e-01   2.6827e-01   4.7407e-06   6.8963e-06   2.2596e-06   3.2776e-06   5.3860e-06   1.6520e-05   6.0819e-06   1.8329e-05   1.4535e-06   2.4580e-06   1.9408e-06   3.2627e-06   4.2953e-07   3.3489e-07   9.7006e-08   7.5182e-08   5.1734e-08   7.2261e-08   1.9312e-07   2.7478e-07   
3.3859195681e+16  1.1278e+03   1.8565e+03   1.6990e+01   1.4778e+06   2.4361e+03   8.9158e+03   4.5814e+03   4.7628e+01   9.0259e-03   2.7092e+04   1.6304e-04   2.1261e-01   3.5693e-01   1.6073e-01   2.6966e-01   4.9360e-06   7.1867e-06   2.3956e-06   3.4786e-06   5.5233e-06   1.6931e-05   6.1932e-06   1.8668e-05   1.4885e-06   2.5171e-06   1.9877e-06   3.3416e-06   4.3936e-07   3.4276e-07   1.0134e-07   7.8522e-08   5.4239e-08   7.5749e-08   1.9638e-07   2.7929e-07   
3.4383287965e+16  1.1115e+03   1.8241e+03   1.6900e+01   1.4417e+06   2.4971e+03   8.8650e+03   4.9703e+03   4.8821e+01   9.0804e-03   2.7771e+04   1.7787e-04   2.1185e-01   3.5566e-01   1.6148e-01   2.7092e-01   5.1345e-06   7.4840e-06   2.5336e-06   3.6834e-06   5.6632e-06   1.7349e-05   6.3092e-06   1.9021e-05   1.5243e-06   2.5776e-06   2.0348e-06   3.4212e-06   4.4939e-07   3.5077e-07   1.0566e-07   8.1860e-08   5.6701e-08   7.9177e-08   1.9968e-07   2.8387e-07   
3.4978441262e+16  1.0868e+03   1.7787e+03   1.6770e+01   1.3954e+06   2.5800e+03   8.8253e+03   5.4689e+03   5.0469e+01   9.1591e-03   2.8692e+04   1.9774e-04   2.1098e-01   3.5422e-01   1.6235e-01   2.7237e-01   5.3942e-06   7.8729e-06   2.7120e-06   3.9486e-06   5.8460e-06   1.7898e-05   6.4641e-06   1.9494e-05   1.5711e-06   2.6566e-06   2.0955e-06   3.5235e-06   4.6249e-07   3.6120e-07   1.1116e-07   8.6096e-08   5.9765e-08   8.3445e-08   2.0395e-07   2.8979e-07   
3.5593471822e+16  1.0574e+03   1.7279e+03   1.6660e+01   1.3473e+06   2.6720e+03   8.8166e+03   5.9874e+03   5.2298e+01   9.2496e-03   2.9715e+04   2.2037e-04   2.1018e-01   3.5292e-01   1.6313e-01   2.7370e-01   5.6715e-06   8.2917e-06   2.9005e-06   4.2304e-06   6.0410e-06   1.8485e-05   6.6336e-06   2.0011e-05   1.6207e-06   2.7405e-06   2.1591e-06   3.6308e-06   4.7640e-07   3.7227e-07   1.1680e-07   9.0449e-08   6.2840e-08   8.7728e-08   2.0845e-07   2.9605e-07   
3.6233719995e+16  1.0234e+03   1.6708e+03   1.6550e+01   1.2975e+06   2.7746e+03   8.8453e+03   6.5273e+03   5.4338e+01   9.3524e-03   3.0856e+04   2.4731e-04   2.0945e-01   3.5174e-01   1.6383e-01   2.7490e-01   5.9698e-06   8.7460e-06   3.1002e-06   4.5315e-06   6.2503e-06   1.9116e-05   6.8193e-06   2.0580e-05   1.6734e-06   2.8295e-06   2.2259e-06   3.7438e-06   4.9117e-07   3.8398e-07   1.2259e-07   9.4910e-08   6.5908e-08   9.2002e-08   2.1316e-07   3.0262e-07   
3.6905484100e+16  9.8483e+02   1.6070e+03   1.6420e+01   1.2455e+06   2.8902e+03   8.9204e+03   7.0959e+03   5.6634e+01   9.4680e-03   3.2142e+04   2.8041e-04   2.0877e-01   3.5070e-01   1.6445e-01   2.7598e-01   6.2975e-06   9.2499e-06   3.3149e-06   4.8576e-06   6.4782e-06   1.9807e-05   7.0260e-06   2.1213e-05   1.7298e-06   2.9253e-06   2.2971e-06   3.8642e-06   5.0704e-07   3.9653e-07   1.2858e-07   9.9523e-08   6.8983e-08   9.6288e-08   2.1815e-07   3.0959e-07   
3.7568527769e+16  9.4181e+02   1.5369e+03   1.6260e+01   1.1915e+06   3.0215e+03   9.0472e+03   7.6946e+03   5.9233e+01   9.5991e-03   3.3598e+04   3.2261e-04   2.0815e-01   3.4978e-01   1.6501e-01   2.7697e-01   6.6598e-06   9.8144e-06   3.5469e-06   5.2139e-06   6.7246e-06   2.0559e-05   7.2534e-06   2.1912e-05   1.7896e-06   3.0267e-06   2.3719e-06   3.9912e-06   5.2384e-07   4.0977e-07   1.3471e-07   1.0424e-07   7.2012e-08   1.0051e-07   2.2329e-07   3.1680e-07   
3.8203489708e+16  9.0062e+02   1.4694e+03   1.6100e+01   1.1424e+06   3.1513e+03   9.2106e+03   8.2509e+03   6.1814e+01   9.7264e-03   3.5042e+04   3.7110e-04   2.0765e-01   3.4907e-01   1.6543e-01   2.7775e-01   7.0140e-06   1.0376e-05   3.7694e-06   5.5599e-06   6.9598e-06   2.1282e-05   7.4735e-06   2.2590e-05   1.8451e-06   3.1213e-06   2.4413e-06   4.1090e-06   5.3946e-07   4.2204e-07   1.4022e-07   1.0848e-07   7.4622e-08   1.0416e-07   2.2794e-07   3.2332e-07   
3.8830920199e+16  8.5905e+02   1.4000e+03   1.5940e+01   1.0946e+06   3.2888e+03   9.4167e+03   8.8064e+03   6.4547e+01   9.8557e-03   3.6571e+04   4.3080e-04   2.0720e-01   3.4849e-01   1.6578e-01   2.7843e-01   7.3891e-06   1.0981e-05   3.9988e-06   5.9235e-06   7.2001e-06   2.2024e-05   7.7007e-06   2.3293e-05   1.9002e-06   3.2154e-06   2.5099e-06   4.2258e-06   5.5495e-07   4.3416e-07   1.4552e-07   1.1254e-07   7.7015e-08   1.0750e-07   2.3237e-07   3.2957e-07   
3.9351340682e+16  8.1777e+02   1.3303e+03   1.5760e+01   1.0488e+06   3.4323e+03   9.6618e+03   9.3567e+03   6.7403e+01   9.9869e-03   3.8167e+04   5.0495e-04   2.0679e-01   3.4802e-01   1.6606e-01   2.7902e-01   7.7844e-06   1.1631e-05   4.2372e-06   6.3093e-06   7.4422e-06   2.2777e-05   7.9310e-06   2.4010e-05   1.9536e-06   3.3069e-06   2.5762e-06   4.3394e-06   5.6995e-07   4.4584e-07   1.5051e-07   1.1637e-07   7.9144e-08   1.1048e-07   2.3644e-07   3.3533e-07   
3.9825824129e+16  7.8997e+02   1.2823e+03   1.5640e+01   1.0188e+06   3.5336e+03   9.8499e+03   9.7295e+03   6.9430e+01   1.0075e-02   3.9292e+04   5.6581e-04   2.0652e-01   3.4776e-01   1.6622e-01   2.7939e-01   8.0690e-06   1.2110e-05   4.4052e-06   6.5858e-06   7.6074e-06   2.3295e-05   8.0890e-06   2.4505e-05   1.9888e-06   3.3675e-06   2.6198e-06   4.4142e-06   5.7981e-07   4.5349e-07   1.5373e-07   1.1883e-07   8.0437e-08   1.1229e-07   2.3896e-07   3.3891e-07   
4.0366523146e+16  7.5513e+02   1.2203e+03   1.5480e+01   9.8161e+05   3.6676e+03   1.0114e+04   1.0206e+04   7.2097e+01   1.0187e-02   4.0779e+04   6.5898e-04   2.0616e-01   3.4753e-01   1.6637e-01   2.7982e-01   8.4475e-06   1.2774e-05   4.6296e-06   6.9620e-06   7.8203e-06   2.3965e-05   8.2929e-06   2.5147e-05   2.0325e-06   3.4431e-06   2.6738e-06   4.5075e-06   5.9206e-07   4.6286e-07   1.5765e-07   1.2181e-07   8.1914e-08   1.1437e-07   2.4188e-07   3.4310e-07   
4.0912620900e+16  7.1949e+02   1.1550e+03   1.5300e+01   9.4418e+05   3.8130e+03   1.0420e+04   1.0705e+04   7.4953e+01   1.0303e-02   4.2395e+04   7.7963e-04   2.0586e-01   3.4728e-01   1.6650e-01   2.8024e-01   8.8894e-06   1.3541e-05   4.8774e-06   7.3905e-06   8.0444e-06   2.4679e-05   8.5082e-06   2.5829e-05   2.0765e-06   3.5196e-06   2.7279e-06   4.6015e-06   6.0424e-07   4.7225e-07   1.6149e-07   1.2472e-07   8.3245e-08   1.1625e-07   2.4456e-07   3.4693e-07   
4.1393096931e+16  6.8501e+02   1.0899e+03   1.5140e+01   9.0866e+05   3.9619e+03   1.0748e+04   1.1202e+04   7.7925e+01   1.0413e-02   4.4050e+04   9.2946e-04   2.0552e-01   3.4713e-01   1.6661e-01   2.8062e-01   9.3637e-06   1.4392e-05   5.1462e-06   7.8620e-06   8.2671e-06   2.5394e-05   8.7214e-06   2.6511e-05   2.1175e-06   3.5915e-06   2.7782e-06   4.6895e-06   6.1555e-07   4.8082e-07   1.6499e-07   1.2736e-07   8.4315e-08   1.1776e-07   2.4669e-07   3.5002e-07   
4.1857674458e+16  6.5868e+02   1.0386e+03   1.4990e+01   8.8201e+05   4.0815e+03   1.1022e+04   1.1591e+04   8.0324e+01   1.0497e-02   4.5381e+04   1.0742e-03   2.0525e-01   3.4704e-01   1.6666e-01   2.8092e-01   9.7633e-06   1.5151e-05   5.3726e-06   8.2705e-06   8.4409e-06   2.5957e-05   8.8875e-06   2.7049e-05   2.1475e-06   3.6446e-06   2.8147e-06   4.7542e-06   6.2373e-07   4.8695e-07   1.6749e-07   1.2924e-07   8.4965e-08   1.1870e-07   2.4794e-07   3.5187e-07   
4.2317746055e+16  6.2738e+02   9.7552e+02   1.4830e+01   8.5073e+05   4.2315e+03   1.1377e+04   1.2071e+04   8.3275e+01   1.0579e-02   4.7048e+04   1.2957e-03   2.0484e-01   3.4705e-01   1.6668e-01   2.8130e-01   1.0319e-05   1.6220e-05   5.6736e-06   8.8392e-06   8.6554e-06   2.6602e-05   9.0931e-06   2.7714e-05   2.1819e-06   3.7067e-06   2.8564e-06   4.8290e-06   6.3307e-07   4.9375e-07   1.7031e-07   1.3131e-07   8.5553e-08   1.1956e-07   2.4899e-07   3.5351e-07   
4.2760822018e+16  6.0252e+02   9.2504e+02   1.4690e+01   8.2642e+05   4.3564e+03   1.1678e+04   1.2460e+04   8.5771e+01   1.0601e-02   4.8431e+04   1.5222e-03   2.0454e-01   3.4703e-01   1.6666e-01   2.8164e-01   1.0822e-05   1.7227e-05   5.9496e-06   9.3725e-06   8.8283e-06   2.7233e-05   9.2555e-06   2.8213e-05   2.2068e-06   3.7521e-06   2.8860e-06   4.8837e-06   6.3961e-07   4.9845e-07   1.7228e-07   1.3273e-07   8.5806e-08   1.1995e-07   2.4929e-07   3.5406e-07   
4.3207945656e+16  5.7418e+02   8.6625e+02   1.4530e+01   7.9935e+05   4.5038e+03   1.2040e+04   1.2915e+04   8.8674e+01   1.0617e-02   5.0070e+04   1.8536e-03   2.0411e-01   3.4710e-01   1.6664e-01   2.8201e-01   1.1498e-05   1.8628e-05   6.3082e-06   1.0096e-05   9.0265e-06   2.7915e-05   9.4433e-06   2.8886e-05   2.2321e-06   3.7998e-06   2.9159e-06   4.9398e-06   6.4609e-07   5.0288e-07   1.7422e-07   1.3410e-07   8.5841e-08   1.2005e-07   2.4896e-07   3.5378e-07   
4.3679431534e+16  5.4968e+02   8.1485e+02   1.4390e+01   7.7645e+05   4.6365e+03   1.2373e+04   1.3318e+04   9.1339e+01   1.0621e-02   5.1546e+04   2.2273e-03   2.0367e-01   3.4722e-01   1.6657e-01   2.8240e-01   1.2182e-05   2.0126e-05   6.6751e-06   1.0857e-05   9.2028e-06   2.8522e-05   9.6052e-06   2.9449e-05   2.2509e-06   3.8368e-06   2.9364e-06   4.9830e-06   6.5070e-07   5.0579e-07   1.7560e-07   1.3501e-07   8.5628e-08   1.1981e-07   2.4803e-07   3.5267e-07   
4.4044304712e+16  5.1977e+02   7.5109e+02   1.4210e+01   7.4904e+05   4.8060e+03   1.2803e+04   1.3827e+04   9.4678e+01   1.0610e-02   5.3430e+04   2.8398e-03   2.0300e-01   3.4748e-01   1.6642e-01   2.8295e-01   1.3216e-05   2.2488e-05   7.2179e-06   1.2046e-05   9.4211e-06   2.9309e-05   9.8117e-06   3.0168e-05   2.2697e-06   3.8764e-06   2.9580e-06   5.0279e-06   6.5497e-07   5.0796e-07   1.7687e-07   1.3575e-07   8.5029e-08   1.1907e-07   2.4597e-07   3.5007e-07   
4.4418718041e+16  5.0826e+02   7.2672e+02   1.4140e+01   7.3867e+05   4.8735e+03   1.2976e+04   1.4028e+04   9.6007e+01   1.0602e-02   5.4180e+04   3.1365e-03   2.0270e-01   3.4761e-01   1.6634e-01   2.8320e-01   1.3691e-05   2.3607e-05   7.4654e-06   1.2614e-05   9.5111e-06   2.9626e-05   9.8906e-06   3.0457e-05   2.2754e-06   3.8897e-06   2.9639e-06   5.0425e-06   6.5614e-07   5.0832e-07   1.7722e-07   1.3591e-07   8.4686e-08   1.1863e-07   2.4486e-07   3.4865e-07   
4.4926277776e+16  4.7833e+02   6.6358e+02   1.3950e+01   7.1231e+05   5.0537e+03   1.3440e+04   1.4561e+04   9.9557e+01   1.0568e-02   5.6183e+04   4.1267e-03   2.0175e-01   3.4810e-01   1.6605e-01   2.8394e-01   1.5197e-05   2.7370e-05   8.2381e-06   1.4459e-05   9.7441e-06   3.0507e-05   1.0101e-05   3.1236e-05   2.2854e-06   3.9177e-06   2.9727e-06   5.0716e-06   6.5764e-07   5.0771e-07   1.7769e-07   1.3589e-07   8.3451e-08   1.1704e-07   2.4101e-07   3.4368e-07   
4.5388484882e+16  4.5295e+02   6.1160e+02   1.3790e+01   6.9064e+05   5.2127e+03   1.3853e+04   1.5027e+04   1.0268e+02   1.0527e-02   5.7945e+04   5.3078e-03   2.0072e-01   3.4870e-01   1.6568e-01   2.8473e-01   1.6896e-05   3.1918e-05   9.1014e-06   1.6677e-05   9.9512e-06   3.1318e-05   1.0285e-05   3.1951e-05   2.2874e-06   3.9331e-06   2.9714e-06   5.0854e-06   6.5702e-07   5.0515e-07   1.7751e-07   1.3533e-07   8.1968e-08   1.1511e-07   2.3650e-07   3.3783e-07   
4.5832664293e+16  4.2916e+02   5.6426e+02   1.3640e+01   6.7091e+05   5.3659e+03   1.4254e+04   1.5474e+04   1.0570e+02   1.0477e-02   5.9648e+04   6.8297e-03   1.9949e-01   3.4949e-01   1.6519e-01   2.8565e-01   1.9008e-05   3.8018e-05   1.0169e-05   1.9613e-05   1.0156e-05   3.2165e-05   1.0464e-05   3.2685e-05   2.2829e-06   3.9396e-06   2.9614e-06   5.0870e-06   6.5474e-07   5.0075e-07   1.7683e-07   1.3427e-07   8.0168e-08   1.1277e-07   2.3110e-07   3.3080e-07   
4.6138630632e+16  4.0665e+02   5.2051e+02   1.3490e+01   6.5287e+05   5.5141e+03   1.4647e+04   1.5909e+04   1.0855e+02   1.0418e-02   6.1295e+04   8.7898e-03   1.9801e-01   3.5049e-01   1.6455e-01   2.8674e-01   2.1687e-05   4.6409e-05   1.1520e-05   2.3610e-05   1.0367e-05   3.3067e-05   1.0643e-05   3.3463e-05   2.2720e-06   3.9376e-06   2.9441e-06   5.0794e-06   6.5105e-07   4.9458e-07   1.7568e-07   1.3272e-07   7.8060e-08   1.1004e-07   2.2481e-07   3.2263e-07   
4.6454033152e+16  3.9770e+02   5.0402e+02   1.3430e+01   6.4585e+05   5.5740e+03   1.4805e+04   1.6083e+04   1.0973e+02   1.0393e-02   6.1961e+04   9.7527e-03   1.9733e-01   3.5097e-01   1.6424e-01   2.8724e-01   2.2987e-05   5.0792e-05   1.2171e-05   2.5662e-05   1.0453e-05   3.3461e-05   1.0718e-05   3.3791e-05   2.2657e-06   3.9345e-06   2.9341e-06   5.0723e-06   6.4888e-07   4.9147e-07   1.7506e-07   1.3193e-07   7.7093e-08   1.0878e-07   2.2194e-07   3.1890e-07   
4.6809836156e+16  3.7495e+02   4.6184e+02   1.3280e+01   6.2841e+05   5.7286e+03   1.5213e+04   1.6531e+04   1.1278e+02   1.0318e-02   6.3679e+04   1.2812e-02   1.9527e-01   3.5246e-01   1.6328e-01   2.8875e-01   2.7158e-05   6.5718e-05   1.4273e-05   3.2670e-05   1.0687e-05   3.4573e-05   1.0912e-05   3.4727e-05   2.2430e-06   3.9189e-06   2.9005e-06   5.0463e-06   6.4326e-07   4.8185e-07   1.7314e-07   1.2944e-07   7.4303e-08   1.0516e-07   2.1367e-07   3.0815e-07   
4.7183307672e+16  3.6237e+02   4.3965e+02   1.3190e+01   6.1901e+05   5.8155e+03   1.5443e+04   1.6783e+04   1.1442e+02   1.0273e-02   6.4646e+04   1.4966e-02   1.9393e-01   3.5344e-01   1.6263e-01   2.8973e-01   3.0101e-05   7.7202e-05   1.5761e-05   3.8000e-05   1.0829e-05   3.5271e-05   1.1025e-05   3.5310e-05   2.2267e-06   3.9060e-06   2.8768e-06   5.0256e-06   6.3955e-07   4.7546e-07   1.7187e-07   1.2777e-07   7.2547e-08   1.0288e-07   2.0847e-07   3.0139e-07   
4.7562178249e+16  3.3885e+02   3.9848e+02   1.3030e+01   6.0192e+05   5.9806e+03   1.5880e+04   1.7260e+04   1.1760e+02   1.0176e-02   6.6480e+04   2.0124e-02   1.9108e-01   3.5555e-01   1.6119e-01   2.9185e-01   3.7279e-05   1.0734e-04   1.9373e-05   5.2240e-05   1.1112e-05   3.6763e-05   1.1257e-05   3.6545e-05   2.1876e-06   3.8706e-06   2.8213e-06   4.9727e-06   6.3174e-07   4.6154e-07   1.6910e-07   1.2404e-07   6.8823e-08   9.8021e-08   1.9748e-07   2.8701e-07   
4.7902941923e+16  3.2626e+02   3.7736e+02   1.2940e+01   5.9306e+05   6.0705e+03   1.6117e+04   1.7519e+04   1.1936e+02   1.0119e-02   6.7473e+04   2.3622e-02   1.8936e-01   3.5682e-01   1.6030e-01   2.9314e-01   4.2224e-05   1.2982e-04   2.1898e-05   6.2811e-05   1.1272e-05   3.7695e-05   1.1384e-05   3.7290e-05   2.1613e-06   3.8448e-06   2.7845e-06   4.9357e-06   6.2720e-07   4.5293e-07   1.6742e-07   1.2171e-07   6.6583e-08   9.5088e-08   1.9088e-07   2.7830e-07   
4.8243429830e+16  3.0708e+02   3.4529e+02   1.2800e+01   5.8000e+05   6.2072e+03   1.6478e+04   1.7914e+04   1.2198e+02   1.0021e-02   6.8992e+04   3.0115e-02   1.8668e-01   3.5875e-01   1.5888e-01   2.9524e-01   5.1577e-05   1.7467e-04   2.6698e-05   8.4424e-05   1.1536e-05   3.9295e-05   1.1583e-05   3.8568e-05   2.1133e-06   3.7934e-06   2.7179e-06   4.8626e-06   6.1932e-07   4.3841e-07   1.6454e-07   1.1773e-07   6.2826e-08   9.0120e-08   1.7984e-07   2.6356e-07   
4.8597838062e+16  2.9489e+02   3.2619e+02   1.2710e+01   5.7198e+05   6.2941e+03   1.6709e+04   1.8165e+04   1.2362e+02   9.9566e-03   6.9958e+04   3.5077e-02   1.8499e-01   3.5990e-01   1.5800e-01   2.9659e-01   5.8799e-05   2.1079e-04   3.0420e-05   1.0202e-04   1.1704e-05   4.0413e-05   1.1711e-05   3.9483e-05   2.0771e-06   3.7510e-06   2.6674e-06   4.8040e-06   6.1392e-07   4.2826e-07   1.6247e-07   1.1494e-07   6.0218e-08   8.6629e-08   1.7220e-07   2.5320e-07   
4.8982769899e+16  2.7513e+02   2.9499e+02   1.2570e+01   5.5940e+05   6.4356e+03   1.7085e+04   1.8573e+04   1.2625e+02   9.8312e-03   7.1531e+04   4.4678e-02   1.8244e-01   3.6147e-01   1.5669e-01   2.9874e-01   7.3114e-05   2.8480e-04   3.7916e-05   1.3891e-04   1.1986e-05   4.2466e-05   1.1909e-05   4.1119e-05   2.0084e-06   3.6663e-06   2.5734e-06   4.6865e-06   6.0375e-07   4.1051e-07   1.5864e-07   1.0997e-07   5.5641e-08   8.0422e-08   1.5882e-07   2.3474e-07   
4.9353654524e+16  2.6066e+02   2.7386e+02   1.2460e+01   5.5061e+05   6.5382e+03   1.7356e+04   1.8870e+04   1.2819e+02   9.6876e-03   7.2671e+04   5.2933e-02   1.8087e-01   3.6223e-01   1.5594e-01   3.0017e-01   8.5736e-05   3.5163e-04   4.4528e-05   1.7281e-04   1.2181e-05   4.4142e-05   1.2039e-05   4.2377e-05   1.9488e-06   3.5861e-06   2.4924e-06   4.5757e-06   5.9486e-07   3.9621e-07   1.5532e-07   1.0596e-07   5.2004e-08   7.5397e-08   1.4823e-07   2.1980e-07   
4.9716499438e+16  2.4286e+02   2.4739e+02   1.2330e+01   5.4020e+05   6.6641e+03   1.7691e+04   1.9233e+04   1.3051e+02   9.5017e-03   7.4071e+04   6.4627e-02   1.7936e-01   3.6262e-01   1.5536e-01   3.0170e-01   1.0439e-04   4.5104e-04   5.4381e-05   2.2371e-04   1.2418e-05   4.6358e-05   1.2180e-05   4.4058e-05   1.8637e-06   3.4644e-06   2.3772e-06   4.4089e-06   5.8237e-07   3.7724e-07   1.5067e-07   1.0054e-07   4.7220e-08   6.8717e-08   1.3433e-07   1.9985e-07   
5.0081227798e+16  2.2965e+02   2.2941e+02   1.2230e+01   5.3283e+05   6.7563e+03   1.7935e+04   1.9499e+04   1.3217e+02   9.3564e-03   7.5095e+04   7.4306e-02   1.7859e-01   3.6245e-01   1.5525e-01   3.0260e-01   1.2023e-04   5.3407e-04   6.2708e-05   2.6712e-04   1.2549e-05   4.7984e-05   1.2236e-05   4.5286e-05   1.7898e-06   3.3510e-06   2.2783e-06   4.2557e-06   5.7057e-07   3.6172e-07   1.4646e-07   9.6206e-08   4.3449e-08   6.3370e-08   1.2341e-07   1.8399e-07   
5.0445522536e+16  2.1252e+02   2.0539e+02   1.2100e+01   5.2358e+05   6.8756e+03   1.8251e+04   1.9845e+04   1.3435e+02   9.1502e-03   7.6421e+04   8.8190e-02   1.7801e-01   3.6164e-01   1.5543e-01   3.0356e-01   1.4387e-04   6.6003e-04   7.5370e-05   3.3232e-04   1.2706e-05   5.0167e-05   1.2278e-05   4.6814e-05   1.6809e-06   3.1769e-06   2.1328e-06   4.0198e-06   5.5360e-07   3.3982e-07   1.4026e-07   8.9980e-08   3.8309e-08   5.6041e-08   1.0862e-07   1.6221e-07   
5.0827514958e+16  2.0007e+02   1.9313e+02   1.2010e+01   5.1711e+05   6.9615e+03   1.8479e+04   2.0093e+04   1.3587e+02   9.0315e-03   7.7376e+04   9.9196e-02   1.7780e-01   3.6074e-01   1.5584e-01   3.0410e-01   1.6253e-04   7.4997e-04   8.5123e-05   3.8285e-04   1.2730e-05   5.1454e-05   1.2221e-05   4.7654e-05   1.5891e-06   3.0227e-06   2.0114e-06   3.8127e-06   5.3648e-07   3.2181e-07   1.3476e-07   8.4922e-08   3.4432e-08   5.0438e-08   9.7441e-08   1.4563e-07   
5.1194913245e+16  1.8313e+02   1.7786e+02   1.1870e+01   5.0821e+05   7.0834e+03   1.8802e+04   2.0445e+04   1.3801e+02   8.8879e-03   7.8730e+04   1.1581e-01   1.7763e-01   3.5772e-01   1.5753e-01   3.0538e-01   1.8669e-04   8.6389e-04   1.0013e-04   4.5247e-04   1.2530e-05   5.2028e-05   1.1977e-05   4.8170e-05   1.4443e-06   2.7502e-06   1.8352e-06   3.4914e-06   4.9556e-07   2.8630e-07   1.2280e-07   7.5706e-08   2.9391e-08   4.3127e-08   8.3526e-08   1.2322e-07   
5.1569871086e+16  1.7323e+02   1.6983e+02   1.1800e+01   5.0296e+05   7.1573e+03   1.9002e+04   2.0663e+04   1.3930e+02   8.8060e-03   7.9552e+04   1.2641e-01   1.7771e-01   3.5570e-01   1.5867e-01   3.0605e-01   2.0087e-04   9.3319e-04   1.0965e-04   4.9476e-04   1.2343e-05   5.2082e-05   1.1767e-05   4.8220e-05   1.3513e-06   2.5737e-06   1.7206e-06   3.2782e-06   4.6903e-07   2.6463e-07   1.1519e-07   7.0071e-08   2.6349e-08   3.8700e-08   7.5045e-08   1.0986e-07   
5.2034845769e+16  1.5799e+02   1.5669e+02   1.1670e+01   4.9468e+05   7.2771e+03   1.9319e+04   2.1009e+04   1.4130e+02   8.6659e-03   8.0883e+04   1.4438e-01   1.7796e-01   3.5234e-01   1.6061e-01   3.0701e-01   2.2491e-04   1.0380e-03   1.2611e-04   5.6416e-04   1.1991e-05   5.1867e-05   1.1370e-05   4.7998e-05   1.1970e-06   2.2806e-06   1.5278e-06   2.9178e-06   4.2487e-07   2.3033e-07   1.0284e-07   6.1084e-08   2.1590e-08   3.1760e-08   6.1666e-08   8.9225e-08   
5.2365067059e+16  1.4399e+02   1.4487e+02   1.1550e+01   4.8703e+05   7.3921e+03   1.9622e+04   2.1339e+04   1.4311e+02   8.5287e-03   8.2152e+04   1.6250e-01   1.7831e-01   3.4897e-01   1.6263e-01   3.0783e-01   2.4722e-04   1.1248e-03   1.4097e-04   6.2820e-04   1.1506e-05   5.0961e-05   1.0859e-05   4.7054e-05   1.0408e-06   1.9883e-06   1.3314e-06   2.5485e-06   3.7434e-07   1.9590e-07   8.9812e-08   5.1925e-08   1.7203e-08   2.5352e-08   4.9207e-08   7.0856e-08   
5.2709795279e+16  1.3841e+02   1.4093e+02   1.1510e+01   4.8389e+05   7.4401e+03   1.9750e+04   2.1478e+04   1.4387e+02   8.4827e-03   8.2686e+04   1.7033e-01   1.7857e-01   3.4745e-01   1.6348e-01   3.0817e-01   2.5327e-04   1.1545e-03   1.4625e-04   6.5020e-04   1.1263e-05   5.0222e-05   1.0583e-05   4.6233e-05   9.7457e-07   1.8658e-06   1.2477e-06   2.3909e-06   3.5041e-07   1.8086e-07   8.3902e-08   4.7961e-08   1.5480e-08   2.2831e-08   4.4285e-08   6.3833e-08   
5.3084653721e+16  1.2535e+02   1.3038e+02   1.1390e+01   4.7647e+05   7.5559e+03   2.0056e+04   2.1813e+04   1.4569e+02   8.3502e-03   8.3973e+04   1.8978e-01   1.7916e-01   3.4384e-01   1.6563e-01   3.0893e-01   2.6914e-04   1.2059e-03   1.5867e-04   6.9878e-04   1.0588e-05   4.8106e-05   9.8656e-06   4.4087e-05   8.1470e-07   1.5680e-06   1.0453e-06   2.0066e-06   2.9243e-07   1.4623e-07   6.9845e-08   3.8782e-08   1.1618e-08   1.7165e-08   3.3231e-08   4.8003e-08   
5.3423935717e+16  1.1898e+02   1.2609e+02   1.1330e+01   4.7274e+05   7.6154e+03   2.0214e+04   2.1985e+04   1.4659e+02   8.2952e-03   8.4634e+04   2.0016e-01   1.7943e-01   3.4206e-01   1.6665e-01   3.0939e-01   2.7414e-04   1.2133e-03   1.6427e-04   7.1045e-04   1.0168e-05   4.6595e-05   9.4401e-06   4.2546e-05   7.3457e-07   1.4163e-06   9.4288e-07   1.8106e-06   2.6191e-07   1.2945e-07   6.2541e-08   3.4360e-08   9.8559e-09   1.4572e-08   2.8183e-08   4.0750e-08   
5.3831079573e+16  1.0939e+02   1.1877e+02   1.1240e+01   4.6694e+05   7.7099e+03   2.0464e+04   2.2259e+04   1.4798e+02   8.1961e-03   8.5685e+04   2.1695e-01   1.7988e-01   3.3922e-01   1.6837e-01   3.0997e-01   2.8158e-04   1.2453e-03   1.7124e-04   7.4729e-04   9.4795e-06   4.3954e-05   8.7425e-06   3.9957e-05   6.1376e-07   1.1867e-06   7.8825e-07   1.5138e-06   2.1880e-07   1.0514e-07   5.2267e-08   2.7919e-08   7.4096e-09   1.0974e-08   2.1165e-08   3.0648e-08   
5.4278095424e+16  1.0116e+02   1.1329e+02   1.1160e+01   4.6176e+05   7.7965e+03   2.0694e+04   2.2509e+04   1.4912e+02   8.1196e-03   8.6648e+04   2.3274e-01   1.8023e-01   3.3680e-01   1.6984e-01   3.1058e-01   2.8332e-04   1.2398e-03   1.7521e-04   7.5374e-04   8.7458e-06   4.0884e-05   8.0230e-06   3.7049e-05   5.1014e-07   9.8743e-07   6.5527e-07   1.2575e-06   1.8011e-07   8.4971e-08   4.2999e-08   2.2580e-08   5.5394e-09   8.2139e-09   1.5805e-08   2.2909e-08   
5.4774250380e+16  9.1801e+01   1.0696e+02   1.1070e+01   4.5549e+05   7.9037e+03   2.0977e+04   2.2819e+04   1.5055e+02   8.0284e-03   8.7838e+04   2.5280e-01   1.8066e-01   3.3401e-01   1.7163e-01   3.1116e-01   2.8357e-04   1.2293e-03   1.7829e-04   7.5946e-04   7.7580e-06   3.6770e-05   7.1077e-06   3.3301e-05   4.0044e-07   7.7691e-07   5.1421e-07   9.8755e-07   1.3623e-07   6.2798e-08   3.2492e-08   1.6675e-08   3.7284e-09   5.5279e-09   1.0572e-08   1.5346e-08   
5.5129770356e+16  8.3350e+01   1.0146e+02   1.0990e+01   4.4966e+05   8.0061e+03   2.1249e+04   2.3115e+04   1.5188e+02   7.9462e-03   8.8977e+04   2.7254e-01   1.8106e-01   3.3143e-01   1.7329e-01   3.1172e-01   2.7705e-04   1.2055e-03   1.7746e-04   7.5900e-04   6.7245e-06   3.2200e-05   6.1552e-06   2.9164e-05   3.0562e-07   5.9332e-07   3.9222e-07   7.5290e-07   9.9435e-08   4.4854e-08   2.3763e-08   1.1914e-08   2.4077e-09   3.5707e-09   6.7811e-09   9.8560e-09   
5.5488491396e+16  8.0088e+01   9.9890e+01   1.0950e+01   4.4715e+05   8.0510e+03   2.1367e+04   2.3245e+04   1.5238e+02   7.9245e-03   8.9476e+04   2.8131e-01   1.8124e-01   3.3042e-01   1.7396e-01   3.1193e-01   2.7157e-04   1.1831e-03   1.7513e-04   7.5297e-04   6.2863e-06   3.0194e-05   5.7440e-06   2.7319e-05   2.7069e-07   5.2537e-07   3.4732e-07   6.6618e-07   8.5922e-08   3.8570e-08   2.0619e-08   1.0253e-08   1.9828e-09   2.9407e-09   5.5696e-09   8.0986e-09   
5.5950349614e+16  7.3304e+01   9.5280e+01   1.0870e+01   4.4162e+05   8.1518e+03   2.1635e+04   2.3536e+04   1.5356e+02   7.8539e-03   9.0596e+04   3.0114e-01   1.8166e-01   3.2822e-01   1.7542e-01   3.1233e-01   2.6205e-04   1.1390e-03   1.7127e-04   7.3740e-04   5.4006e-06   2.6128e-05   4.9351e-06   2.3610e-05   2.0327e-07   3.9415e-07   2.6063e-07   4.9890e-07   6.1527e-08   2.7219e-08   1.4829e-08   7.2383e-09   1.2523e-09   1.8584e-09   3.4955e-09   5.0875e-09   
5.6385803004e+16  6.8384e+01   9.2209e+01   1.0820e+01   4.3710e+05   8.2361e+03   2.1857e+04   2.3781e+04   1.5441e+02   7.8077e-03   9.1532e+04   3.1798e-01   1.8207e-01   3.2657e-01   1.7658e-01   3.1256e-01   2.5060e-04   1.0566e-03   1.6574e-04   6.9852e-04   4.7369e-06   2.2970e-05   4.3219e-06   2.0742e-05   1.5903e-07   3.0775e-07   2.0379e-07   3.8898e-07   4.5341e-08   2.0217e-08   1.1046e-08   5.3817e-09   8.4628e-10   1.2547e-09   2.3519e-09   3.4233e-09   
5.6838621988e+16  6.4033e+01   8.8834e+01   1.0760e+01   4.3252e+05   8.3233e+03   2.2089e+04   2.4033e+04   1.5531e+02   7.7543e-03   9.2502e+04   3.3560e-01   1.8234e-01   3.2514e-01   1.7755e-01   3.1279e-01   2.4483e-04   1.0365e-03   1.6293e-04   6.9059e-04   4.1836e-06   2.0337e-05   3.8090e-06   1.8344e-05   1.2419e-07   2.4014e-07   1.5901e-07   3.0301e-07   3.4506e-08   1.5105e-08   8.4048e-09   4.0192e-09   5.7005e-10   8.4687e-10   1.5757e-09   2.2960e-09   
5.7278327118e+16  6.0139e+01   8.5607e+01   1.0710e+01   4.2799e+05   8.4114e+03   2.2322e+04   2.4287e+04   1.5611e+02   7.7019e-03   9.3481e+04   3.5354e-01   1.8272e-01   3.2376e-01   1.7851e-01   3.1289e-01   2.3702e-04   1.0086e-03   1.5886e-04   6.7756e-04   3.6911e-06   1.7973e-05   3.3608e-06   1.6188e-05   9.6488e-08   1.8637e-07   1.2344e-07   2.3475e-07   2.6118e-08   1.1251e-08   6.3776e-09   2.9908e-09   3.8118e-10   5.6751e-10   1.0480e-09   1.5287e-09   
5.7731782827e+16  5.7194e+01   8.3317e+01   1.0670e+01   4.2399e+05   8.4908e+03   2.2532e+04   2.4517e+04   1.5674e+02   7.6658e-03   9.4363e+04   3.6981e-01   1.8308e-01   3.2267e-01   1.7929e-01   3.1292e-01   2.2870e-04   9.7025e-04   1.5429e-04   6.5747e-04   3.3293e-06   1.6202e-05   3.0256e-06   1.4560e-05   7.7901e-08   1.5029e-07   9.9622e-08   1.8904e-07   2.0495e-08   8.7622e-09   5.0173e-09   2.3282e-09   2.7114e-10   4.0422e-10   7.4248e-10   1.0836e-09   
5.8183480311e+16  5.4265e+01   8.0388e+01   1.0620e+01   4.1951e+05   8.5812e+03   2.2772e+04   2.4778e+04   1.5745e+02   7.6164e-03   9.5368e+04   3.8834e-01   1.8331e-01   3.2170e-01   1.7996e-01   3.1300e-01   2.2623e-04   9.5404e-04   1.5326e-04   6.5007e-04   2.9993e-06   1.4586e-05   2.7203e-06   1.3090e-05   6.1643e-08   1.1889e-07   7.8766e-08   1.4925e-07   1.6028e-08   6.7319e-09   3.9276e-09   1.7864e-09   1.8660e-10   2.7904e-10   5.0813e-10   7.4257e-10   
5.8614193434e+16  5.2023e+01   7.8382e+01   1.0580e+01   4.1584e+05   8.6571e+03   2.2977e+04   2.5003e+04   1.5798e+02   7.5788e-03   9.6211e+04   4.0409e-01   1.8370e-01   3.2081e-01   1.8064e-01   3.1293e-01   2.1706e-04   9.0124e-04   1.4794e-04   6.2071e-04   2.7392e-06   1.3292e-05   2.4833e-06   1.1907e-05   5.0552e-08   9.7375e-08   6.4598e-08   1.2207e-07   1.2706e-08   5.3494e-09   3.1308e-09   1.4191e-09   1.3604e-10   2.0351e-10   3.6923e-10   5.3965e-10   
5.9068178504e+16  5.0071e+01   7.6083e+01   1.0550e+01   4.1203e+05   8.7370e+03   2.3189e+04   2.5234e+04   1.5847e+02   7.5434e-03   9.7099e+04   4.2063e-01   1.8389e-01   3.2015e-01   1.8110e-01   3.1295e-01   2.1704e-04   8.9663e-04   1.4822e-04   6.1920e-04   2.5504e-06   1.2353e-05   2.3083e-06   1.1048e-05   4.2078e-08   8.1034e-08   5.3697e-08   1.0139e-07   1.0613e-08   4.3721e-09   2.6049e-09   1.1581e-09   1.0130e-10   1.5204e-10   2.7358e-10   4.0039e-10   
5.9531675595e+16  4.8175e+01   7.3784e+01   1.0520e+01   4.0823e+05   8.8184e+03   2.3405e+04   2.5470e+04   1.5896e+02   7.5022e-03   9.8004e+04   4.3759e-01   1.8406e-01   3.1961e-01   1.8149e-01   3.1294e-01   2.1649e-04   8.9164e-04   1.4803e-04   6.1713e-04   2.3320e-06   1.1248e-05   2.1057e-06   1.0044e-05   3.4319e-08   6.5970e-08   4.3662e-08   8.2304e-08   8.6203e-09   3.4726e-09   2.1118e-09   9.1707e-10   7.3513e-11   1.1085e-10   1.9738e-10   2.8922e-10   
6.0010395741e+16  4.6412e+01   7.1580e+01   1.0480e+01   4.0457e+05   8.8982e+03   2.3617e+04   2.5700e+04   1.5931e+02   7.4615e-03   9.8891e+04   4.5430e-01   1.8423e-01   3.1911e-01   1.8185e-01   3.1293e-01   2.1545e-04   8.8602e-04   1.4747e-04   6.1450e-04   2.1312e-06   1.0241e-05   1.9180e-06   9.1233e-06   2.7960e-08   5.3655e-08   3.5469e-08   6.6750e-08   7.0058e-09   2.7521e-09   1.7090e-09   7.2643e-10   5.3308e-11   8.0777e-11   1.4227e-10   2.0875e-10   
6.0530603721e+16  4.4937e+01   6.9804e+01   1.0450e+01   4.0080e+05   8.9817e+03   2.3837e+04   2.5942e+04   1.5971e+02   7.4308e-03   9.9819e+04   4.7164e-01   1.8446e-01   3.1860e-01   1.8223e-01   3.1284e-01   2.1251e-04   8.7319e-04   1.4551e-04   6.0718e-04   1.9776e-06   9.4619e-06   1.7761e-06   8.4172e-06   2.3320e-08   4.4675e-08   2.9504e-08   5.5443e-08   5.8085e-09   2.2397e-09   1.4163e-09   5.8968e-10   4.0024e-11   6.0903e-11   1.0627e-10   1.5609e-10   
6.1039581784e+16  4.3347e+01   6.7536e+01   1.0420e+01   3.9682e+05   9.0718e+03   2.4076e+04   2.6202e+04   1.5990e+02   7.3875e-03   1.0082e+05   4.9039e-01   1.8466e-01   3.1810e-01   1.8260e-01   3.1279e-01   2.1169e-04   8.6783e-04   1.4506e-04   6.0455e-04   1.8215e-06   8.6710e-06   1.6311e-06   7.6969e-06   1.8910e-08   3.6194e-08   2.3850e-08   4.4773e-08   4.7384e-09   1.7733e-09   1.1494e-09   4.6637e-10   2.8786e-11   4.4056e-11   7.5910e-11   1.1168e-10   
6.1490710540e+16  4.2040e+01   6.5655e+01   1.0390e+01   3.9353e+05   9.1475e+03   2.4278e+04   2.6421e+04   1.6012e+02   7.3503e-03   1.0166e+05   5.0618e-01   1.8488e-01   3.1766e-01   1.8294e-01   3.1270e-01   2.0780e-04   8.5130e-04   1.4239e-04   5.9466e-04   1.6884e-06   8.0029e-06   1.5085e-06   7.0938e-06   1.5713e-08   3.0049e-08   1.9772e-08   3.7081e-08   3.9125e-09   1.4393e-09   9.4989e-10   3.7763e-10   2.1536e-11   3.3108e-11   5.6483e-11   8.3205e-11   
6.1962731112e+16  4.1125e+01   6.4411e+01   1.0370e+01   3.9061e+05   9.2159e+03   2.4459e+04   2.6619e+04   1.6019e+02   7.3275e-03   1.0242e+05   5.2030e-01   1.8500e-01   3.1737e-01   1.8315e-01   3.1266e-01   2.0713e-04   8.4671e-04   1.4198e-04   5.9215e-04   1.6055e-06   7.5841e-06   1.4318e-06   6.7138e-06   1.3736e-08   2.6263e-08   1.7250e-08   3.2340e-08   3.4412e-09   1.2410e-09   8.3236e-10   3.2524e-10   1.7431e-11   2.6903e-11   4.5497e-11   6.7103e-11   
6.2459250930e+16  4.0020e+01   6.2595e+01   1.0350e+01   3.8727e+05   9.2954e+03   2.4669e+04   2.6849e+04   1.6023e+02   7.2907e-03   1.0331e+05   5.3657e-01   1.8516e-01   3.1702e-01   1.8342e-01   3.1260e-01   2.0650e-04   8.4194e-04   1.4162e-04   5.8964e-04   1.5115e-06   7.1068e-06   1.3456e-06   6.2833e-06   1.1583e-08   2.2148e-08   1.4510e-08   2.7193e-08   2.9338e-09   1.0315e-09   7.0812e-10   2.6979e-10   1.3331e-11   2.0689e-11   3.4571e-11   5.1078e-11   
6.2940968645e+16  3.8995e+01   6.0945e+01   1.0330e+01   3.8427e+05   9.3678e+03   2.4861e+04   2.7059e+04   1.6023e+02   7.2562e-03   1.0411e+05   5.5137e-01   1.8530e-01   3.1671e-01   1.8365e-01   3.1256e-01   2.0571e-04   8.3704e-04   1.4113e-04   5.8700e-04   1.4192e-06   6.6477e-06   1.2610e-06   5.8707e-06   9.7933e-09   1.8732e-08   1.2234e-08   2.2932e-08   2.5059e-09   8.5984e-10   6.0336e-10   2.2441e-10   1.0258e-11   1.6008e-11   2.6427e-11   3.9115e-11   
6.3436250662e+16  3.8189e+01   5.9703e+01   1.0310e+01   3.8135e+05   9.4395e+03   2.5051e+04   2.7266e+04   1.6019e+02   7.2322e-03   1.0491e+05   5.6587e-01   1.8542e-01   3.1645e-01   1.8384e-01   3.1251e-01   2.0495e-04   8.3231e-04   1.4066e-04   5.8439e-04   1.3535e-06   6.3176e-06   1.2010e-06   5.5749e-06   8.5439e-09   1.6350e-08   1.0651e-08   1.9965e-08   2.2102e-09   7.4210e-10   5.3084e-10   1.9356e-10   8.2791e-12   1.2981e-11   2.1210e-11   3.1443e-11   
6.3957077220e+16  3.7316e+01   5.8153e+01   1.0290e+01   3.7841e+05   9.5140e+03   2.5246e+04   2.7478e+04   1.6006e+02   7.1987e-03   1.0572e+05   5.8063e-01   1.8555e-01   3.1618e-01   1.8405e-01   3.1246e-01   2.0421e-04   8.2752e-04   1.4021e-04   5.8178e-04   1.2835e-06   5.9731e-06   1.1369e-06   5.2645e-06   7.3156e-09   1.4012e-08   9.0977e-09   1.7059e-08   1.9181e-09   6.2935e-10   4.6058e-10   1.6363e-10   6.4946e-12   1.0241e-11   1.6527e-11   2.4547e-11   
6.4485547933e+16  3.6394e+01   5.6563e+01   1.0270e+01   3.7543e+05   9.5894e+03   2.5451e+04   2.7701e+04   1.5984e+02   7.1632e-03   1.0656e+05   5.9557e-01   1.8567e-01   3.1591e-01   1.8425e-01   3.1242e-01   2.0334e-04   8.2260e-04   1.3968e-04   5.7912e-04   1.2040e-06   5.5844e-06   1.0647e-06   4.9189e-06   6.1576e-09   1.1804e-08   7.6375e-09   1.4321e-08   1.6402e-09   5.2295e-10   3.9229e-10   1.3597e-10   4.9655e-12   7.8811e-12   1.2538e-11   1.8665e-11   
6.4964795952e+16  3.5701e+01   5.5369e+01   1.0260e+01   3.7262e+05   9.6618e+03   2.5643e+04   2.7910e+04   1.5954e+02   7.1383e-03   1.0737e+05   6.0973e-01   1.8577e-01   3.1570e-01   1.8441e-01   3.1237e-01   2.0259e-04   8.1813e-04   1.3921e-04   5.7667e-04   1.1515e-06   5.3303e-06   1.0168e-06   4.6912e-06   5.3894e-09   1.0340e-08   6.6716e-09   1.2510e-08   1.4563e-09   4.5472e-10   3.4838e-10   1.1790e-10   4.0289e-12   6.4286e-12   1.0109e-11   1.5077e-11   
6.5466760010e+16  3.5093e+01   5.4234e+01   1.0240e+01   3.7037e+05   9.7205e+03   2.5798e+04   2.8081e+04   1.5933e+02   7.1126e-03   1.0802e+05   6.2100e-01   1.8587e-01   3.1551e-01   1.8455e-01   3.1233e-01   2.0185e-04   8.1360e-04   1.3875e-04   5.7417e-04   1.1069e-06   5.1090e-06   9.7636e-07   4.4947e-06   4.7709e-09   9.1593e-09   5.8944e-09   1.1053e-08   1.3079e-09   4.0010e-10   3.1261e-10   1.0356e-10   3.3290e-12   5.3377e-12   8.3028e-12   1.2405e-11   
6.6012840989e+16  3.4287e+01   5.2767e+01   1.0230e+01   3.6754e+05   9.7952e+03   2.5996e+04   2.8297e+04   1.5892e+02   7.0781e-03   1.0885e+05   6.3524e-01   1.8597e-01   3.1529e-01   1.8472e-01   3.1229e-01   2.0094e-04   8.0857e-04   1.3819e-04   5.7144e-04   1.0399e-06   4.7887e-06   9.1587e-07   4.2089e-06   4.0286e-09   7.7425e-09   4.9624e-09   9.3075e-09   1.1246e-09   3.3460e-10   2.6844e-10   8.6561e-11   2.5593e-12   4.1333e-12   6.3278e-12   9.4799e-12   
6.6488382904e+16  3.3718e+01   5.1718e+01   1.0210e+01   3.6502e+05   9.8629e+03   2.6176e+04   2.8493e+04   1.5848e+02   7.0547e-03   1.0960e+05   6.4785e-01   1.8606e-01   3.1513e-01   1.8484e-01   3.1225e-01   2.0004e-04   8.0371e-04   1.3764e-04   5.6875e-04   9.9814e-07   4.5896e-06   8.7805e-07   4.0328e-06   3.5640e-09   6.8579e-09   4.3802e-09   8.2206e-09   1.0093e-09   2.9457e-10   2.4118e-10   7.6029e-11   2.1135e-12   3.4315e-12   5.1916e-12   7.7934e-12   
6.7005763257e+16  3.3227e+01   5.0738e+01   1.0200e+01   3.6304e+05   9.9166e+03   2.6319e+04   2.8648e+04   1.5813e+02   7.0311e-03   1.1020e+05   6.5777e-01   1.8613e-01   3.1499e-01   1.8495e-01   3.1222e-01   1.9923e-04   7.9908e-04   1.3715e-04   5.6620e-04   9.6355e-07   4.4252e-06   8.4683e-07   3.8879e-06   3.1940e-09   6.1547e-09   3.9176e-09   7.3571e-09   9.1849e-10   2.6296e-10   2.1935e-10   6.7820e-11   1.7816e-12   2.9065e-12   4.3503e-12   6.5425e-12   
6.7564756386e+16  3.2507e+01   4.9380e+01   1.0190e+01   3.6033e+05   9.9911e+03   2.6516e+04   2.8863e+04   1.5754e+02   6.9978e-03   1.1103e+05   6.7115e-01   1.8622e-01   3.1480e-01   1.8509e-01   3.1218e-01   1.9838e-04   7.9439e-04   1.3664e-04   5.6369e-04   9.0696e-07   4.1662e-06   7.9598e-07   3.6584e-06   2.7016e-09   5.2170e-09   3.3029e-09   6.2088e-09   7.9494e-10   2.2115e-10   1.8982e-10   5.6980e-11   1.3749e-12   2.2607e-12   3.3244e-12   5.0155e-12   
6.8059969579e+16  3.2047e+01   4.8491e+01   1.0180e+01   3.5813e+05   1.0052e+04   2.6679e+04   2.9040e+04   1.5706e+02   6.9774e-03   1.1171e+05   6.8185e-01   1.8628e-01   3.1468e-01   1.8519e-01   3.1215e-01   1.9755e-04   7.9003e-04   1.3615e-04   5.6131e-04   8.7388e-07   4.0091e-06   7.6628e-07   3.5202e-06   2.4209e-09   4.6820e-09   2.9533e-09   5.5557e-09   7.2284e-10   1.9758e-10   1.7289e-10   5.0812e-11   1.1593e-12   1.9161e-12   2.7847e-12   4.2102e-12   
6.8632146867e+16  3.1584e+01   4.7530e+01   1.0170e+01   3.5614e+05   1.0109e+04   2.6828e+04   2.9203e+04   1.5648e+02   6.9537e-03   1.1233e+05   6.9163e-01   1.8635e-01   3.1456e-01   1.8528e-01   3.1212e-01   1.9682e-04   7.8594e-04   1.3572e-04   5.5911e-04   8.4235e-07   3.8632e-06   7.3798e-07   3.3920e-06   2.1607e-09   4.1869e-09   2.6298e-09   4.9518e-09   6.5750e-10   1.7598e-10   1.5727e-10   4.5244e-11   9.7165e-13   1.6149e-12   2.3176e-12   3.5119e-12   
6.9196587559e+16  3.0920e+01   4.6227e+01   1.0150e+01   3.5349e+05   1.0184e+04   2.7029e+04   2.9421e+04   1.5572e+02   6.9205e-03   1.1317e+05   7.0427e-01   1.8643e-01   3.1440e-01   1.8540e-01   3.1209e-01   1.9564e-04   7.7997e-04   1.3502e-04   5.5590e-04   7.9251e-07   3.6252e-06   6.9348e-07   3.1829e-06   1.8225e-09   3.5405e-09   2.2102e-09   4.1665e-09   5.6847e-10   1.4784e-10   1.3620e-10   3.7978e-11   7.4727e-13   1.2526e-12   1.7630e-12   2.6811e-12   
6.9724248154e+16  3.0479e+01   4.5493e+01   1.0150e+01   3.5171e+05   1.0236e+04   2.7166e+04   2.9570e+04   1.5515e+02   6.9027e-03   1.1375e+05   7.1273e-01   1.8647e-01   3.1431e-01   1.8547e-01   3.1208e-01   1.9463e-04   7.7562e-04   1.3441e-04   5.5352e-04   7.5187e-07   3.4505e-06   6.5730e-07   3.0295e-06   1.6196e-09   3.1511e-09   1.9591e-09   3.6957e-09   5.0970e-10   1.3054e-10   1.2248e-10   3.3517e-11   6.2379e-13   1.0520e-12   1.4603e-12   2.2265e-12   
7.0313101005e+16  3.0048e+01   4.4501e+01   1.0140e+01   3.4952e+05   1.0300e+04   2.7336e+04   2.9756e+04   1.5441e+02   6.8776e-03   1.1446e+05   7.2292e-01   1.8654e-01   3.1420e-01   1.8556e-01   3.1204e-01   1.9381e-04   7.7148e-04   1.3393e-04   5.5129e-04   7.2905e-07   3.3381e-06   6.3686e-07   2.9314e-06   1.4438e-09   2.8165e-09   1.7417e-09   3.2903e-09   4.6607e-10   1.1657e-10   1.1210e-10   2.9912e-11   5.2153e-13   8.8499e-13   1.2111e-12   1.8515e-12   
7.0820645069e+16  2.9586e+01   4.3523e+01   1.0130e+01   3.4742e+05   1.0362e+04   2.7507e+04   2.9941e+04   1.5361e+02   6.8521e-03   1.1515e+05   7.3246e-01   1.8660e-01   3.1409e-01   1.8565e-01   3.1201e-01   1.9299e-04   7.6732e-04   1.3346e-04   5.4909e-04   6.9877e-07   3.2022e-06   6.0995e-07   2.8128e-06   1.2700e-09   2.4844e-09   1.5273e-09   2.8895e-09   4.2015e-10   1.0258e-10   1.0122e-10   2.6312e-11   4.2780e-13   7.3107e-13   9.8416e-13   1.5094e-12   
7.1311341610e+16  2.9237e+01   4.2821e+01   1.0120e+01   3.4595e+05   1.0406e+04   2.7624e+04   3.0069e+04   1.5299e+02   6.8333e-03   1.1564e+05   7.3905e-01   1.8664e-01   3.1401e-01   1.8571e-01   3.1199e-01   1.9211e-04   7.6314e-04   1.3296e-04   5.4686e-04   6.7396e-07   3.0860e-06   5.8795e-07   2.7115e-06   1.1486e-09   2.2513e-09   1.3779e-09   2.6095e-09   3.8589e-10   9.2724e-11   9.3230e-11   2.3756e-11   3.6658e-13   6.2985e-13   8.3718e-13   1.2872e-12   
7.1943157872e+16  2.8891e+01   4.2092e+01   1.0110e+01   3.4410e+05   1.0462e+04   2.7772e+04   3.0230e+04   1.5219e+02   6.8152e-03   1.1626e+05   7.4721e-01   1.8669e-01   3.1394e-01   1.8577e-01   3.1197e-01   1.9126e-04   7.5895e-04   1.3247e-04   5.4463e-04   6.5187e-07   2.9836e-06   5.6834e-07   2.6224e-06   1.0390e-09   2.0410e-09   1.2432e-09   2.3574e-09   3.5520e-10   8.3896e-11   8.6062e-11   2.1485e-11   3.1394e-13   5.4241e-13   7.1155e-13   1.0969e-12   
7.2517213242e+16  2.8409e+01   4.1056e+01   1.0100e+01   3.4182e+05   1.0532e+04   2.7956e+04   3.0433e+04   1.5109e+02   6.7874e-03   1.1704e+05   7.5699e-01   1.8675e-01   3.1383e-01   1.8585e-01   3.1194e-01   1.9038e-04   7.5455e-04   1.3198e-04   5.4233e-04   6.2096e-07   2.8468e-06   5.4087e-07   2.5033e-06   8.9938e-10   1.7734e-09   1.0720e-09   2.0367e-09   3.1672e-10   7.2740e-11   7.6914e-11   1.8648e-11   2.5144e-13   4.3807e-13   5.6332e-13   8.7193e-13   
7.2970951878e+16  2.8099e+01   4.0426e+01   1.0100e+01   3.4047e+05   1.0574e+04   2.8067e+04   3.0554e+04   1.5040e+02   6.7700e-03   1.1750e+05   7.6269e-01   1.8678e-01   3.1377e-01   1.8590e-01   3.1193e-01   1.8946e-04   7.5018e-04   1.3146e-04   5.4003e-04   5.9980e-07   2.7453e-06   5.2222e-07   2.4153e-06   8.1705e-10   1.6144e-09   9.7138e-10   1.8475e-09   2.9209e-10   6.6110e-11   7.1189e-11   1.6936e-11   2.1703e-13   3.8016e-13   4.8257e-13   7.4895e-13   
7.3443534614e+16  2.7850e+01   3.9895e+01   1.0090e+01   3.3905e+05   1.0618e+04   2.8184e+04   3.0681e+04   1.4973e+02   6.7570e-03   1.1799e+05   7.6848e-01   1.8682e-01   3.1372e-01   1.8594e-01   3.1191e-01   1.8855e-04   7.4584e-04   1.3095e-04   5.3773e-04   5.8469e-07   2.6720e-06   5.0888e-07   2.3521e-06   7.5607e-10   1.4967e-09   8.9695e-10   1.7077e-09   2.7380e-10   6.1214e-11   6.6937e-11   1.5670e-11   1.9253e-13   3.3871e-13   4.2547e-13   6.6178e-13   
7.3925936525e+16  2.7578e+01   3.9285e+01   1.0090e+01   3.3766e+05   1.0662e+04   2.8300e+04   3.0808e+04   1.4892e+02   6.7405e-03   1.1848e+05   7.7412e-01   1.8685e-01   3.1367e-01   1.8598e-01   3.1190e-01   1.8768e-04   7.4151e-04   1.3047e-04   5.3547e-04   5.6913e-07   2.6006e-06   4.9515e-07   2.2903e-06   6.9359e-10   1.3762e-09   8.2077e-10   1.5647e-09   2.5548e-10   5.6271e-11   6.2661e-11   1.4411e-11   1.6855e-13   2.9796e-13   3.6984e-13   5.7669e-13   
7.4419188392e+16  2.7286e+01   3.8665e+01   1.0090e+01   3.3627e+05   1.0706e+04   2.8417e+04   3.0935e+04   1.4811e+02   6.7235e-03   1.1897e+05   7.7946e-01   1.8688e-01   3.1361e-01   1.8603e-01   3.1188e-01   1.8680e-04   7.3714e-04   1.2999e-04   5.3319e-04   5.5011e-07   2.5168e-06   4.7845e-07   2.2177e-06   6.3054e-10   1.2544e-09   7.4410e-10   1.4204e-09   2.3634e-10   5.1197e-11   5.8125e-11   1.3130e-11   1.4563e-13   2.5886e-13   3.1700e-13   4.9571e-13   
7.4930945534e+16  2.6980e+01   3.8044e+01   1.0080e+01   3.3491e+05   1.0749e+04   2.8533e+04   3.1061e+04   1.4728e+02   6.7061e-03   1.1945e+05   7.8466e-01   1.8692e-01   3.1356e-01   1.8607e-01   3.1187e-01   1.8586e-04   7.3266e-04   1.2947e-04   5.3085e-04   5.2935e-07   2.4244e-06   4.6018e-07   2.1377e-06   5.6923e-10   1.1355e-09   6.6966e-10   1.2802e-09   2.1707e-10   4.6277e-11   5.3618e-11   1.1871e-11   1.2456e-13   2.2273e-13   2.6873e-13   4.2159e-13   
7.5468036680e+16  2.6738e+01   3.7522e+01   1.0080e+01   3.3350e+05   1.0795e+04   2.8653e+04   3.1192e+04   1.4646e+02   6.6931e-03   1.1995e+05   7.8989e-01   1.8695e-01   3.1352e-01   1.8611e-01   3.1185e-01   1.8494e-04   7.2816e-04   1.2896e-04   5.2850e-04   5.1517e-07   2.3570e-06   4.4774e-07   2.0795e-06   5.2497e-10   1.0495e-09   6.1602e-10   1.1792e-09   2.0313e-10   4.2764e-11   5.0367e-11   1.0965e-11   1.0996e-13   1.9754e-13   2.3557e-13   3.7053e-13   
7.6024893439e+16  2.6467e+01   3.6915e+01   1.0070e+01   3.3209e+05   1.0841e+04   2.8775e+04   3.1324e+04   1.4552e+02   6.6765e-03   1.2046e+05   7.9506e-01   1.8698e-01   3.1347e-01   1.8615e-01   3.1184e-01   1.8405e-04   7.2370e-04   1.2849e-04   5.2620e-04   5.0021e-07   2.2900e-06   4.3445e-07   2.0220e-06   4.7844e-10   9.5917e-10   5.5972e-10   1.0734e-09   1.8880e-10   3.9121e-11   4.7012e-11   1.0033e-11   9.5332e-14   1.7220e-13   2.0253e-13   3.1954e-13   
7.6623606273e+16  2.6174e+01   3.6300e+01   1.0070e+01   3.3068e+05   1.0887e+04   2.8898e+04   3.1458e+04   1.4457e+02   6.6596e-03   1.2098e+05   7.9991e-01   1.8701e-01   3.1342e-01   1.8619e-01   3.1182e-01   1.8313e-04   7.1916e-04   1.2800e-04   5.2385e-04   4.8237e-07   2.2106e-06   4.1878e-07   1.9535e-06   4.3153e-10   8.6795e-10   5.0312e-10   9.6663e-10   1.7368e-10   3.5373e-11   4.3438e-11   9.0886e-12   8.1411e-14   1.4796e-13   1.7132e-13   2.7123e-13   
7.7249626297e+16  2.5835e+01   3.5624e+01   1.0060e+01   3.2916e+05   1.0937e+04   2.9031e+04   3.1603e+04   1.4341e+02   6.6406e-03   1.2154e+05   8.0505e-01   1.8704e-01   3.1337e-01   1.8623e-01   3.1181e-01   1.8189e-04   7.1331e-04   1.2733e-04   5.2083e-04   4.6056e-07   2.1082e-06   3.9971e-07   1.8656e-06   3.8184e-10   7.7076e-10   4.4335e-10   8.5343e-10   1.5699e-10   3.1371e-11   3.9487e-11   8.0696e-12   6.7552e-14   1.2367e-13   1.4054e-13   2.2346e-13   
7.7948794128e+16  2.5594e+01   3.5094e+01   1.0060e+01   3.2771e+05   1.0985e+04   2.9165e+04   3.1749e+04   1.4233e+02   6.6277e-03   1.2207e+05   8.0970e-01   1.8707e-01   3.1333e-01   1.8627e-01   3.1180e-01   1.8093e-04   7.0870e-04   1.2682e-04   5.1845e-04   4.4751e-07   2.0480e-06   3.8828e-07   1.8139e-06   3.4992e-10   7.0834e-10   4.0502e-10   7.8101e-10   1.4611e-10   2.8827e-11   3.6946e-11   7.4159e-12   5.9070e-14   1.0871e-13   1.2187e-13   1.9439e-13   
7.8652082252e+16  2.5265e+01   3.4377e+01   1.0050e+01   3.2598e+05   1.1044e+04   2.9320e+04   3.1918e+04   1.4101e+02   6.6088e-03   1.2272e+05   8.1511e-01   1.8710e-01   3.1328e-01   1.8631e-01   3.1178e-01   1.7999e-04   7.0404e-04   1.2633e-04   5.1608e-04   4.3087e-07   1.9747e-06   3.7373e-07   1.7511e-06   3.0973e-10   6.2996e-10   3.5686e-10   6.9016e-10   1.3317e-10   2.5717e-11   3.3890e-11   6.6234e-12   4.8990e-14   9.0859e-14   9.9826e-14   1.5998e-13   
7.9295260121e+16  2.4984e+01   3.3806e+01   1.0050e+01   3.2463e+05   1.1089e+04   2.9441e+04   3.2050e+04   1.3986e+02   6.5936e-03   1.2323e+05   8.1898e-01   1.8713e-01   3.1324e-01   1.8634e-01   3.1176e-01   1.7893e-04   6.9890e-04   1.2578e-04   5.1347e-04   4.1471e-07   1.8995e-06   3.5964e-07   1.6868e-06   2.7822e-10   5.6801e-10   3.1928e-10   6.1877e-10   1.2221e-10   2.3186e-11   3.1232e-11   5.9854e-12   4.1587e-14   7.7630e-14   8.3835e-14   1.3490e-13   
7.9957423312e+16  2.4757e+01   3.3306e+01   1.0050e+01   3.2327e+05   1.1136e+04   2.9566e+04   3.2185e+04   1.3872e+02   6.5820e-03   1.2375e+05   8.2293e-01   1.8715e-01   3.1321e-01   1.8637e-01   3.1175e-01   1.7802e-04   6.9446e-04   1.2531e-04   5.1121e-04   4.0284e-07   1.8449e-06   3.4929e-07   1.6402e-06   2.5495e-10   5.2220e-10   2.9155e-10   5.6615e-10   1.1391e-10   2.1340e-11   2.9322e-11   5.5144e-12   3.6369e-14   6.8254e-14   7.2662e-14   1.1733e-13   
8.0643079463e+16  2.4509e+01   3.2774e+01   1.0040e+01   3.2194e+05   1.1182e+04   2.9687e+04   3.2318e+04   1.3755e+02   6.5687e-03   1.2426e+05   8.2645e-01   1.8718e-01   3.1317e-01   1.8640e-01   3.1174e-01   1.7685e-04   6.8862e-04   1.2472e-04   5.0825e-04   3.9005e-07   1.7831e-06   3.3815e-07   1.5877e-06   2.3130e-10   4.7546e-10   2.6347e-10   5.1274e-10   1.0566e-10   1.9496e-11   2.7329e-11   5.0363e-12   3.1320e-14   5.9111e-14   6.1960e-14   1.0044e-13   
8.1354105141e+16  2.4235e+01   3.2219e+01   1.0040e+01   3.2059e+05   1.1229e+04   2.9812e+04   3.2454e+04   1.3626e+02   6.5546e-03   1.2478e+05   8.2992e-01   1.8721e-01   3.1314e-01   1.8643e-01   3.1173e-01   1.7575e-04   6.8313e-04   1.2417e-04   5.0549e-04   3.7557e-07   1.7190e-06   3.2553e-07   1.5329e-06   2.0710e-10   4.2755e-10   2.3483e-10   4.5817e-10   9.6722e-11   1.7556e-11   2.5189e-11   4.5486e-12   2.6449e-14   5.0252e-14   5.1717e-14   8.4220e-14   
8.2082136878e+16  2.4020e+01   3.1748e+01   1.0040e+01   3.1927e+05   1.1276e+04   2.9936e+04   3.2589e+04   1.3495e+02   6.5449e-03   1.2530e+05   8.3324e-01   1.8723e-01   3.1311e-01   1.8646e-01   3.1172e-01   1.7465e-04   6.7758e-04   1.2362e-04   5.0269e-04   3.6491e-07   1.6680e-06   3.1628e-07   1.4896e-06   1.8982e-10   3.9317e-10   2.1443e-10   4.1919e-10   9.0215e-11   1.6164e-11   2.3629e-11   4.1984e-12   2.3130e-14   4.4163e-14   4.4815e-14   7.3242e-14   
8.2848790166e+16  2.3781e+01   3.1243e+01   1.0040e+01   3.1796e+05   1.1322e+04   3.0059e+04   3.2723e+04   1.3362e+02   6.5337e-03   1.2582e+05   8.3642e-01   1.8726e-01   3.1308e-01   1.8648e-01   3.1170e-01   1.7358e-04   6.7193e-04   1.2311e-04   4.9987e-04   3.5445e-07   1.6199e-06   3.0722e-07   1.4489e-06   1.7198e-10   3.5773e-10   1.9341e-10   3.7911e-10   8.3750e-11   1.4782e-11   2.2081e-11   3.8431e-12   1.9870e-14   3.8160e-14   3.8090e-14   6.2518e-14   
8.3580469002e+16  2.3510e+01   3.0704e+01   1.0030e+01   3.1661e+05   1.1370e+04   3.0188e+04   3.2862e+04   1.3216e+02   6.5215e-03   1.2635e+05   8.3936e-01   1.8728e-01   3.1305e-01   1.8651e-01   3.1169e-01   1.7260e-04   6.6677e-04   1.2264e-04   4.9730e-04   3.4117e-07   1.5632e-06   2.9568e-07   1.4007e-06   1.5344e-10   3.2072e-10   1.7164e-10   3.3746e-10   7.6586e-11   1.3299e-11   2.0343e-11   3.4633e-12   1.6686e-14   3.2269e-14   3.1574e-14   5.2094e-14   
8.4359848404e+16  2.3340e+01   3.0338e+01   1.0030e+01   3.1551e+05   1.1410e+04   3.0294e+04   3.2975e+04   1.3098e+02   6.5158e-03   1.2679e+05   8.4177e-01   1.8730e-01   3.1304e-01   1.8653e-01   3.1168e-01   1.7149e-04   6.6091e-04   1.2211e-04   4.9438e-04   3.3258e-07   1.5202e-06   2.8827e-07   1.3644e-06   1.4269e-10   2.9905e-10   1.5909e-10   3.1328e-10   7.2209e-11   1.2427e-11   1.9297e-11   3.2452e-12   1.4916e-14   2.8953e-14   2.8015e-14   4.6361e-14   
8.5277580941e+16  2.3095e+01   2.9822e+01   1.0030e+01   3.1411e+05   1.1461e+04   3.0429e+04   3.3122e+04   1.2939e+02   6.5065e-03   1.2736e+05   8.4475e-01   1.8732e-01   3.1301e-01   1.8656e-01   3.1167e-01   1.7052e-04   6.5545e-04   1.2167e-04   4.9169e-04   3.2322e-07   1.4786e-06   2.8015e-07   1.3296e-06   1.2837e-10   2.7041e-10   1.4236e-10   2.8128e-10   6.6893e-11   1.1315e-11   1.8005e-11   2.9639e-12   1.2670e-14   2.4746e-14   2.3504e-14   3.9088e-14   
8.6233385095e+16  2.2819e+01   2.9283e+01   1.0030e+01   3.1270e+05   1.1513e+04   3.0572e+04   3.3278e+04   1.2773e+02   6.4970e-03   1.2793e+05   8.4754e-01   1.8735e-01   3.1298e-01   1.8658e-01   3.1166e-01   1.6954e-04   6.4994e-04   1.2125e-04   4.8899e-04   3.1096e-07   1.4251e-06   2.6953e-07   1.2846e-06   1.1365e-10   2.4077e-10   1.2523e-10   2.4844e-10   6.1055e-11   1.0152e-11   1.6568e-11   2.6626e-12   1.0508e-14   2.0675e-14   1.9211e-14   3.2141e-14   
8.7200237372e+16  2.2605e+01   2.8832e+01   1.0020e+01   3.1132e+05   1.1564e+04   3.0708e+04   3.3425e+04   1.2601e+02   6.4928e-03   1.2850e+05   8.5027e-01   1.8737e-01   3.1296e-01   1.8660e-01   3.1165e-01   1.6859e-04   6.4431e-04   1.2084e-04   4.8625e-04   3.0253e-07   1.3840e-06   2.6227e-07   1.2504e-06   1.0335e-10   2.1996e-10   1.1332e-10   2.2549e-10   5.6965e-11   9.3466e-12   1.5574e-11   2.4599e-12   9.0715e-15   1.7942e-14   1.6400e-14   2.7564e-14   
8.8167860400e+16  2.2373e+01   2.8366e+01   1.0020e+01   3.1000e+05   1.1612e+04   3.0838e+04   3.3567e+04   1.2431e+02   6.4877e-03   1.2904e+05   8.5271e-01   1.8739e-01   3.1294e-01   1.8662e-01   3.1163e-01   1.6769e-04   6.3881e-04   1.2049e-04   4.8361e-04   2.9424e-07   1.3459e-06   2.5515e-07   1.2188e-06   9.3029e-11   1.9912e-10   1.0140e-10   2.0255e-10   5.2904e-11   8.5408e-12   1.4576e-11   2.2563e-12   7.7093e-15   1.5338e-14   1.3759e-14   2.3246e-14   
8.9172156092e+16  2.2129e+01   2.7911e+01   1.0020e+01   3.0876e+05   1.1659e+04   3.0962e+04   3.3702e+04   1.2262e+02   6.4828e-03   1.2956e+05   8.5511e-01   1.8741e-01   3.1292e-01   1.8665e-01   3.1162e-01   1.6680e-04   6.3327e-04   1.2015e-04   4.8095e-04   2.8419e-07   1.3017e-06   2.4650e-07   1.1819e-06   8.3075e-11   1.7884e-10   8.9960e-11   1.8040e-10   4.8665e-11   7.7445e-12   1.3517e-11   2.0503e-12   6.4747e-15   1.2964e-14   1.1394e-14   1.9363e-14   
9.0247972618e+16  2.1936e+01   2.7516e+01   1.0020e+01   3.0748e+05   1.1708e+04   3.1091e+04   3.3843e+04   1.2081e+02   6.4834e-03   1.3010e+05   8.5750e-01   1.8743e-01   3.1290e-01   1.8666e-01   3.1161e-01   1.6593e-04   6.2757e-04   1.1985e-04   4.7825e-04   2.7770e-07   1.2695e-06   2.4096e-07   1.1556e-06   7.5960e-11   1.6430e-10   8.1814e-11   1.6458e-10   4.5735e-11   7.1956e-12   1.2800e-11   1.9122e-12   5.6301e-15   1.1325e-14   9.7995e-15   1.6729e-14   
9.1379679642e+16  2.1712e+01   2.7082e+01   1.0010e+01   3.0618e+05   1.1757e+04   3.1222e+04   3.3986e+04   1.1892e+02   6.4833e-03   1.3065e+05   8.6008e-01   1.8745e-01   3.1288e-01   1.8668e-01   3.1160e-01   1.6515e-04   6.2203e-04   1.1961e-04   4.7565e-04   2.7095e-07   1.2385e-06   2.3517e-07   1.1305e-06   6.8344e-11   1.4871e-10   7.3121e-11   1.4775e-10   4.2614e-11   6.6047e-12   1.2025e-11   1.7626e-12   4.7759e-15   9.6603e-15   8.2007e-15   1.4078e-14   
9.2340205653e+16  2.1468e+01   2.6646e+01   1.0010e+01   3.0492e+05   1.1806e+04   3.1352e+04   3.4127e+04   1.1697e+02   6.4839e-03   1.3119e+05   8.6259e-01   1.8747e-01   3.1287e-01   1.8670e-01   3.1159e-01   1.6441e-04   6.1664e-04   1.1940e-04   4.7315e-04   2.6266e-07   1.2019e-06   2.2807e-07   1.1005e-06   6.0758e-11   1.3309e-10   6.4510e-11   1.3102e-10   3.9279e-11   6.0022e-12   1.1188e-11   1.6076e-12   3.9781e-15   8.0982e-15   6.7256e-15   1.1621e-14   
9.3183042893e+16  2.1358e+01   2.6424e+01   1.0010e+01   3.0411e+05   1.1837e+04   3.1435e+04   3.4217e+04   1.1569e+02   6.4887e-03   1.3154e+05   8.6423e-01   1.8748e-01   3.1286e-01   1.8671e-01   3.1158e-01   1.6391e-04   6.1286e-04   1.1927e-04   4.7140e-04   2.5969e-07   1.1859e-06   2.2557e-07   1.0877e-06   5.7615e-11   1.2661e-10   6.0959e-11   1.2408e-10   3.7841e-11   5.7580e-12   1.0865e-11   1.5465e-12   3.6591e-15   7.4658e-15   6.1452e-15   1.0647e-14   
9.4176168745e+16  2.1215e+01   2.6144e+01   1.0010e+01   3.0318e+05   1.1874e+04   3.1531e+04   3.4322e+04   1.1418e+02   6.4937e-03   1.3194e+05   8.6634e-01   1.8749e-01   3.1285e-01   1.8672e-01   3.1158e-01   1.6352e-04   6.0945e-04   1.1920e-04   4.6985e-04   2.5743e-07   1.1742e-06   2.2371e-07   1.0790e-06   5.3811e-11   1.1882e-10   5.6655e-11   1.1573e-10   3.6465e-11   5.4903e-12   1.0527e-11   1.4788e-12   3.2843e-15   6.7246e-15   5.4646e-15   9.5047e-15   
9.5329857915e+16  2.1040e+01   2.5822e+01   1.0010e+01   3.0216e+05   1.1914e+04   3.1638e+04   3.4438e+04   1.1245e+02   6.4998e-03   1.3239e+05   8.6875e-01   1.8750e-01   3.1283e-01   1.8674e-01   3.1157e-01   1.6317e-04   6.0611e-04   1.1918e-04   4.6836e-04   2.5407e-07   1.1595e-06   2.2088e-07   1.0679e-06   4.9409e-11   1.0976e-10   5.1688e-11   1.0610e-10   3.4699e-11   5.1679e-12   1.0094e-11   1.3957e-12   2.8702e-15   5.9045e-15   4.7183e-15   8.2483e-15   
9.6692286293e+16  2.0883e+01   2.5516e+01   1.0010e+01   3.0103e+05   1.1959e+04   3.1765e+04   3.4573e+04   1.1047e+02   6.5116e-03   1.3289e+05   8.7161e-01   1.8752e-01   3.1282e-01   1.8675e-01   3.1156e-01   1.6287e-04   6.0274e-04   1.1920e-04   4.6688e-04   2.5167e-07   1.1476e-06   2.1891e-07   1.0596e-06   4.5795e-11   1.0232e-10   4.7630e-11   9.8243e-11   3.3405e-11   4.9228e-12   9.7790e-12   1.3342e-12   2.5429e-15   5.2515e-15   4.1350e-15   7.2622e-15   
9.8304246207e+16  2.0678e+01   2.5144e+01   1.0010e+01   2.9976e+05   1.2009e+04   3.1899e+04   3.4719e+04   1.0815e+02   6.5254e-03   1.3345e+05   8.7516e-01   1.8754e-01   3.1281e-01   1.8676e-01   3.1154e-01   1.6267e-04   5.9973e-04   1.1928e-04   4.6561e-04   2.4942e-07   1.1366e-06   2.1707e-07   1.0524e-06   4.1401e-11   9.3298e-11   4.2716e-11   8.8682e-11   3.1844e-11   4.6221e-12   9.3965e-12   1.2576e-12   2.1653e-15   4.4976e-15   3.4683e-15   6.1306e-15   
1.0021889562e+17  2.0493e+01   2.4791e+01   1.0010e+01   2.9839e+05   1.2064e+04   3.2046e+04   3.4879e+04   1.0551e+02   6.5476e-03   1.3406e+05   8.7959e-01   1.8755e-01   3.1279e-01   1.8678e-01   3.1153e-01   1.6258e-04   5.9729e-04   1.1942e-04   4.6463e-04   2.4882e-07   1.1318e-06   2.1669e-07   1.0506e-06   3.7827e-11   8.5995e-11   3.8736e-11   8.1032e-11   3.0891e-11   4.4155e-12   9.1726e-12   1.2066e-12   1.8715e-15   3.9077e-15   2.9560e-15   5.2577e-15   
1.0239169114e+17  2.0247e+01   2.4370e+01   1.0000e+01   2.9688e+05   1.2126e+04   3.2208e+04   3.5056e+04   1.0242e+02   6.5746e-03   1.3474e+05   8.8513e-01   1.8758e-01   3.1277e-01   1.8679e-01   3.1151e-01   1.6256e-04   5.9507e-04   1.1961e-04   4.6377e-04   2.4809e-07   1.1269e-06   2.1621e-07   1.0494e-06   3.3475e-11   7.7041e-11   3.3910e-11   7.1684e-11   2.9536e-11   4.1399e-12   8.8423e-12   1.1379e-12   1.5359e-15   3.2313e-15   2.3793e-15   4.2688e-15   
1.0483451766e+17  2.0067e+01   2.4031e+01   1.0000e+01   2.9541e+05   1.2186e+04   3.2370e+04   3.5229e+04   9.9219e+01   6.6127e-03   1.3542e+05   8.9144e-01   1.8759e-01   3.1276e-01   1.8681e-01   3.1150e-01   1.6267e-04   5.9215e-04   1.1998e-04   4.6275e-04   2.5061e-07   1.1318e-06   2.1868e-07   1.0588e-06   3.0682e-11   7.1379e-11   3.0813e-11   6.5767e-11   2.9208e-11   4.0431e-12   8.8431e-12   1.1170e-12   1.3279e-15   2.8064e-15   2.0283e-15   3.6613e-15   
1.0754611907e+17  1.9831e+01   2.3641e+01   1.0000e+01   2.9388e+05   1.2249e+04   3.2538e+04   3.5412e+04   9.5650e+01   6.6573e-03   1.3612e+05   8.9933e-01   1.8761e-01   3.1274e-01   1.8683e-01   3.1148e-01   1.6288e-04   5.8957e-04   1.2043e-04   4.6192e-04   2.5354e-07   1.1399e-06   2.2149e-07   1.0709e-06   2.7309e-11   6.4503e-11   2.7108e-11   5.8650e-11   2.8552e-11   3.8915e-12   8.7125e-12   1.0837e-12   1.0935e-15   2.3261e-15   1.6385e-15   2.9832e-15   