! three parameters are given: shock speed (cm/s), turbulent velocity (cm/s), number of specimen levels:
2.0000e+06   5.0000e+04   17
!depth(cm)        gas_temp(K)  el_temp      dust_temp(K) gasvel(cm/s) concHe(cm-3) conc_pH2     conc_oH2     conc_H       conc_e       conc_H_nucl  conc_mol     1            2            3            4            5            6            7            8            9            10           11           12           13           14           15           16           17           
1.0873431811e+15  4.1499e+01   4.3932e+01   9.9850e+00   2.0000e+06   1.8000e+03   9.0673e+03   9.0673e+02   3.4700e+01   7.1982e-03   2.0000e+04   6.4686e-04   5.1655e-01   3.4661e-01   8.8987e-03   6.4615e-02   6.3197e-02   4.3413e-06   3.7764e-06   2.9407e-06   2.4853e-09   1.6038e-10   2.1628e-10   6.3591e-05   5.4385e-05   1.4392e-11   6.8443e-13   5.1591e-13   3.6540e-14   
2.2696059796e+15  4.1492e+01   4.3941e+01   9.9850e+00   2.0000e+06   1.8000e+03   9.0673e+03   9.0682e+02   3.4700e+01   7.1978e-03   2.0000e+04   6.4686e-04   5.2178e-01   3.4250e-01   8.2612e-03   6.4389e-02   6.2942e-02   3.4981e-06   3.3425e-06   2.6010e-06   2.4586e-09   1.5880e-10   2.1448e-10   6.3287e-05   5.4079e-05   1.4275e-11   6.7877e-13   5.1228e-13   3.6262e-14   
4.7194229857e+15  4.1477e+01   4.3978e+01   9.9850e+00   1.9999e+06   1.8001e+03   9.0675e+03   9.0684e+02   3.4701e+01   7.2004e-03   2.0001e+04   6.4674e-04   5.5496e-01   3.1483e-01   5.3341e-03   6.2933e-02   6.1816e-02   1.6872e-06   2.5010e-06   1.9037e-06   2.3446e-09   1.5193e-10   2.0608e-10   6.1816e-05   5.2807e-05   1.3750e-11   6.5380e-13   4.9664e-13   3.5088e-14   
8.2938291425e+15  4.1456e+01   4.4242e+01   9.9850e+00   1.9998e+06   1.8002e+03   9.0679e+03   9.0697e+02   3.4703e+01   7.2187e-03   2.0002e+04   6.4678e-04   6.1793e-01   2.5927e-01   2.2617e-03   6.0498e-02   5.9929e-02   5.7783e-07   1.3290e-06   9.7901e-07   2.1732e-09   1.4202e-10   1.9218e-10   5.9375e-05   5.0744e-05   1.2973e-11   6.1633e-13   4.7233e-13   3.3267e-14   
1.0482699536e+16  4.1476e+01   4.5615e+01   9.9860e+00   1.9995e+06   1.8004e+03   9.0691e+03   9.0727e+02   3.4708e+01   7.3035e-03   2.0005e+04   6.4674e-04   7.1331e-01   1.7106e-01   6.4748e-04   5.7433e-02   5.7436e-02   2.9689e-07   6.1302e-07   4.3282e-07   1.9698e-09   1.3209e-10   1.7540e-10   5.6644e-05   4.8570e-05   1.2194e-11   5.7958e-13   4.4822e-13   3.1495e-14   
1.1062723442e+16  4.1486e+01   4.6027e+01   9.9860e+00   1.9995e+06   1.8005e+03   9.0694e+03   9.0730e+02   3.4709e+01   7.3278e-03   2.0005e+04   6.4663e-04   7.1777e-01   1.6691e-01   5.5953e-04   5.7329e-02   5.7334e-02   2.8473e-07   5.5710e-07   3.9280e-07   1.9628e-09   1.3185e-10   1.7493e-10   5.6629e-05   4.8557e-05   1.2182e-11   5.7937e-13   4.4827e-13   3.1505e-14   
1.1824284059e+16  4.1502e+01   4.6634e+01   9.9860e+00   1.9994e+06   1.8006e+03   9.0697e+03   9.0742e+02   3.4711e+01   7.3624e-03   2.0006e+04   6.4666e-04   7.3014e-01   1.5526e-01   4.5153e-04   5.7015e-02   5.7033e-02   2.6989e-07   4.9625e-07   3.4847e-07   1.9414e-09   1.3103e-10   1.7331e-10   5.6461e-05   4.8419e-05   1.2126e-11   5.7727e-13   4.4713e-13   3.1430e-14   
1.2564481131e+16  4.1537e+01   4.7822e+01   9.9870e+00   1.9993e+06   1.8007e+03   9.0703e+03   9.0748e+02   3.4713e+01   7.4276e-03   2.0008e+04   6.4670e-04   7.4858e-01   1.3777e-01   3.2551e-04   5.6575e-02   5.6637e-02   2.5250e-07   4.2284e-07   2.9501e-07   1.9129e-09   1.3014e-10   1.7129e-10   5.6329e-05   4.8360e-05   1.2078e-11   5.7618e-13   4.4698e-13   3.1440e-14   
1.3153234165e+16  4.1571e+01   4.8847e+01   9.9880e+00   1.9992e+06   1.8008e+03   9.0707e+03   9.0761e+02   3.4715e+01   7.4817e-03   2.0009e+04   6.4660e-04   7.6056e-01   1.2633e-01   2.5993e-04   5.6314e-02   5.6425e-02   2.4349e-07   3.8299e-07   2.6596e-07   1.8974e-09   1.2987e-10   1.7035e-10   5.6379e-05   4.8432e-05   1.2078e-11   5.7734e-13   4.4833e-13   3.1559e-14   
1.3757929355e+16  4.1617e+01   5.0183e+01   9.9890e+00   1.9990e+06   1.8009e+03   9.0712e+03   9.0767e+02   3.4717e+01   7.5493e-03   2.0010e+04   6.4664e-04   7.7090e-01   1.1635e-01   2.0751e-04   5.6134e-02   5.6304e-02   2.3636e-07   3.4810e-07   2.4069e-07   1.8887e-09   1.3009e-10   1.7010e-10   5.6630e-05   4.8673e-05   1.2126e-11   5.8128e-13   4.5176e-13   3.1841e-14   
1.4254331321e+16  4.1681e+01   5.1930e+01   9.9900e+00   1.9989e+06   1.8010e+03   9.0719e+03   9.0773e+02   3.4719e+01   7.6341e-03   2.0011e+04   6.4668e-04   7.8223e-01   1.0530e-01   1.6158e-04   5.5966e-02   5.6230e-02   2.3019e-07   3.1728e-07   2.1822e-07   1.8830e-09   1.3071e-10   1.7029e-10   5.7073e-05   4.9088e-05   1.2218e-11   5.8803e-13   4.5742e-13   3.2298e-14   
1.4654588581e+16  4.1730e+01   5.3253e+01   9.9910e+00   1.9988e+06   1.8011e+03   9.0722e+03   9.0786e+02   3.4721e+01   7.6956e-03   2.0012e+04   6.4672e-04   7.8878e-01   9.8834e-02   1.3802e-04   5.5902e-02   5.6235e-02   2.2714e-07   3.0097e-07   2.0634e-07   1.8831e-09   1.3142e-10   1.7083e-10   5.7488e-05   4.9468e-05   1.2309e-11   5.9423e-13   4.6248e-13   3.2703e-14   
1.5107124839e+16  4.1797e+01   5.4974e+01   9.9930e+00   1.9987e+06   1.8012e+03   9.0728e+03   9.0791e+02   3.4723e+01   7.7725e-03   2.0013e+04   6.4676e-04   7.9572e-01   9.1894e-02   1.1563e-04   5.5871e-02   5.6294e-02   2.2442e-07   2.8437e-07   1.9429e-07   1.8872e-09   1.3257e-10   1.7190e-10   5.8113e-05   5.0031e-05   1.2447e-11   6.0345e-13   4.6989e-13   3.3295e-14   
1.5559158785e+16  4.1894e+01   5.7363e+01   9.9950e+00   1.9985e+06   1.8013e+03   9.0734e+03   9.0806e+02   3.4726e+01   7.8743e-03   2.0015e+04   6.4680e-04   8.0333e-01   8.4127e-02   9.4118e-05   5.5895e-02   5.6442e-02   2.2215e-07   2.6746e-07   1.8202e-07   1.8980e-09   1.3446e-10   1.7386e-10   5.9090e-05   5.0906e-05   1.2668e-11   6.1784e-13   4.8137e-13   3.4210e-14   
1.5984103359e+16  4.1997e+01   5.9839e+01   9.9970e+00   1.9984e+06   1.8015e+03   9.0740e+03   9.0813e+02   3.4728e+01   7.9747e-03   2.0016e+04   6.4685e-04   8.0955e-01   7.7623e-02   7.8699e-05   5.5981e-02   5.6655e-02   2.2093e-07   2.5502e-07   1.7282e-07   1.9137e-09   1.3672e-10   1.7636e-10   6.0222e-05   5.1912e-05   1.2925e-11   6.3449e-13   4.9456e-13   3.5262e-14   
1.6427066305e+16  4.2129e+01   6.2856e+01   1.0000e+01   1.9982e+06   1.8016e+03   9.0748e+03   9.0829e+02   3.4732e+01   8.0913e-03   2.0018e+04   6.4704e-04   8.1560e-01   7.1098e-02   6.5553e-05   5.6149e-02   5.6970e-02   2.2014e-07   2.4420e-07   1.6488e-07   1.9378e-09   1.3983e-10   1.7991e-10   6.1744e-05   5.3259e-05   1.3274e-11   6.5699e-13   5.1230e-13   3.6680e-14   
1.6869249034e+16  4.2303e+01   6.6647e+01   1.0000e+01   1.9980e+06   1.8018e+03   9.0756e+03   9.0847e+02   3.4735e+01   8.2304e-03   2.0020e+04   6.4711e-04   8.2156e-01   6.4393e-02   5.4224e-05   5.6436e-02   5.7439e-02   2.2096e-07   2.3456e-07   1.5775e-07   1.9744e-09   1.4423e-10   1.8509e-10   6.3876e-05   5.5141e-05   1.3765e-11   6.8874e-13   5.3726e-13   3.8682e-14   
1.7291915489e+16  4.2509e+01   7.0855e+01   1.0010e+01   1.9978e+06   1.8020e+03   9.0765e+03   9.0865e+02   3.4739e+01   8.3775e-03   2.0022e+04   6.4745e-04   8.2666e-01   5.8289e-02   4.5580e-05   5.6840e-02   5.8040e-02   2.2246e-07   2.2727e-07   1.5231e-07   2.0225e-09   1.4979e-10   1.9174e-10   6.6538e-05   5.7484e-05   1.4382e-11   7.2884e-13   5.6869e-13   4.1217e-14   
1.7759786784e+16  4.2759e+01   7.5582e+01   1.0010e+01   1.9976e+06   1.8022e+03   9.0774e+03   9.0892e+02   3.4743e+01   8.5356e-03   2.0025e+04   6.4766e-04   8.3106e-01   5.2573e-02   3.8812e-05   5.7390e-02   5.8810e-02   2.2507e-07   2.2214e-07   1.4834e-07   2.0859e-09   1.5695e-10   2.0044e-10   6.9952e-05   6.0485e-05   1.5177e-11   7.8105e-13   6.0956e-13   4.4534e-14   
1.8236186445e+16  4.3163e+01   8.2431e+01   1.0020e+01   1.9972e+06   1.8025e+03   9.0789e+03   9.0925e+02   3.4749e+01   8.7552e-03   2.0028e+04   6.4817e-04   8.3548e-01   4.5858e-02   3.2301e-05   5.8375e-02   6.0110e-02   2.3039e-07   2.1915e-07   1.4567e-07   2.1974e-09   1.6936e-10   2.1569e-10   7.5852e-05   6.5663e-05   1.6560e-11   8.7337e-13   6.8168e-13   5.0448e-14   
1.8714880045e+16  4.3604e+01   8.8967e+01   1.0030e+01   1.9969e+06   1.8029e+03   9.0802e+03   9.0957e+02   3.4755e+01   8.9568e-03   2.0032e+04   6.4882e-04   8.3815e-01   4.0569e-02   2.8191e-05   5.9531e-02   6.1569e-02   2.3705e-07   2.1999e-07   1.4554e-07   2.3287e-09   1.8399e-10   2.3383e-10   8.2809e-05   7.1763e-05   1.8204e-11   9.8557e-13   7.6922e-13   5.7724e-14   
1.9273470744e+16  4.4313e+01   9.7806e+01   1.0050e+01   1.9964e+06   1.8033e+03   9.0821e+03   9.1012e+02   3.4764e+01   9.2236e-03   2.0037e+04   6.4978e-04   8.3984e-01   3.4506e-02   2.4376e-05   6.1491e-02   6.3958e-02   2.4877e-07   2.2562e-07   1.4869e-07   2.5571e-09   2.0982e-10   2.6604e-10   9.5118e-05   8.2555e-05   2.1142e-11   1.1926e-12   9.3056e-13   7.1382e-14   
1.9860589880e+16  4.5447e+01   1.0932e+02   1.0080e+01   1.9958e+06   1.8039e+03   9.0847e+03   9.1092e+02   3.4775e+01   9.5556e-03   2.0043e+04   6.5120e-04   8.3877e-01   2.8369e-02   2.1431e-05   6.4782e-02   6.7841e-02   2.6913e-07   2.4145e-07   1.5858e-07   2.9636e-09   2.5729e-10   3.2558e-10   1.1787e-04   1.0251e-04   2.6658e-11   1.6014e-12   1.2487e-12   9.9119e-14   
2.0375548358e+16  4.7080e+01   1.2224e+02   1.0120e+01   1.9949e+06   1.8047e+03   9.0877e+03   9.1205e+02   3.4790e+01   9.9150e-03   2.0052e+04   6.5321e-04   8.3366e-01   2.2911e-02   1.9607e-05   6.9652e-02   7.3459e-02   3.0047e-07   2.7202e-07   1.7797e-07   3.6309e-09   3.3968e-10   4.2933e-10   1.5773e-04   1.3751e-04   3.6544e-11   2.3898e-12   1.8610e-12   1.5484e-13   
2.0835660879e+16  4.8872e+01   1.3382e+02   1.0170e+01   1.9941e+06   1.8054e+03   9.0905e+03   9.1324e+02   3.4804e+01   1.0219e-02   2.0060e+04   6.5521e-04   8.2572e-01   1.9174e-02   1.8849e-05   7.5073e-02   7.9611e-02   3.3680e-07   3.1263e-07   2.0392e-07   4.4762e-09   4.5144e-10   5.7050e-10   2.1241e-04   1.8560e-04   5.0474e-11   3.5976e-12   2.7969e-12   2.4439e-13   
2.1318787009e+16  5.1505e+01   1.4796e+02   1.0240e+01   1.9931e+06   1.8061e+03   9.0942e+03   9.1479e+02   3.4822e+01   1.0565e-02   2.0070e+04   6.5796e-04   8.1222e-01   1.5675e-02   1.8651e-05   8.2972e-02   8.8516e-02   3.9292e-07   3.8208e-07   2.4828e-07   5.9368e-09   6.6185e-10   8.3706e-10   3.1613e-04   2.7710e-04   7.7919e-11   6.2337e-12   4.8357e-12   4.5167e-13   
2.1803060126e+16  5.5498e+01   1.6542e+02   1.0350e+01   1.9918e+06   1.8074e+03   9.0990e+03   9.1690e+02   3.4846e+01   1.0962e-02   2.0084e+04   6.6150e-04   7.9035e-01   1.2428e-02   1.9071e-05   9.4598e-02   1.0160e-01   4.8237e-07   5.0494e-07   3.2705e-07   8.6633e-09   1.1031e-09   1.3980e-09   5.3545e-04   4.7137e-04   1.3916e-10   1.2976e-11   1.0034e-11   1.0267e-12   
2.2309670520e+16  6.1113e+01   1.8600e+02   1.0510e+01   1.9901e+06   1.8089e+03   9.1032e+03   9.1924e+02   3.4875e+01   1.1380e-02   2.0101e+04   6.6555e-04   7.5951e-01   9.7481e-03   2.0114e-05   1.0996e-01   1.1889e-01   6.1352e-07   7.0736e-07   4.5690e-07   1.3553e-08   2.0169e-09   2.5656e-09   9.9359e-04   8.7928e-04   2.7639e-10   3.0799e-11   2.3704e-11   2.7145e-12   
2.2794733591e+16  7.0788e+01   2.1634e+02   1.0770e+01   1.9876e+06   1.8112e+03   9.1122e+03   9.2297e+02   3.4940e+01   1.1881e-02   2.0127e+04   6.7136e-04   7.1043e-01   7.2492e-03   2.2146e-05   1.3299e-01   1.4504e-01   8.4718e-07   1.1201e-06   7.1938e-07   2.4815e-08   4.5543e-09   5.8319e-09   2.2561e-03   2.0117e-03   6.9760e-10   9.8504e-11   7.5219e-11   1.0100e-11   
2.3224487464e+16  8.2058e+01   2.4796e+02   1.1050e+01   1.9850e+06   1.8136e+03   9.1219e+03   9.2669e+02   3.4987e+01   1.2075e-02   2.0154e+04   6.7696e-04   6.6037e-01   5.7748e-03   2.4441e-05   1.5491e-01   1.7033e-01   1.1219e-06   1.6767e-06   1.0723e-06   4.2266e-08   9.2710e-09   1.1934e-08   4.5259e-03   4.0654e-03   1.5701e-09   2.7032e-10   2.0537e-10   3.1836e-11   
2.3649682317e+16  9.6684e+01   2.8858e+02   1.1390e+01   1.9818e+06   1.8166e+03   9.1340e+03   9.3103e+02   3.5044e+01   1.1699e-02   2.0187e+04   6.8359e-04   6.0806e-01   4.8649e-03   2.7269e-05   1.7587e-01   1.9487e-01   1.4730e-06   2.4736e-06   1.5768e-06   7.0777e-08   1.8338e-08   2.3779e-08   8.5498e-03   7.7517e-03   3.4161e-09   7.0843e-10   5.3566e-10   9.5774e-11   
2.4072904214e+16  1.1409e+02   3.4358e+02   1.1770e+01   1.9781e+06   1.8199e+03   9.1486e+03   9.3590e+02   3.5132e+01   1.1536e-02   2.0226e+04   6.9112e-04   5.5933e-01   4.1853e-03   3.0345e-05   1.9313e-01   2.1571e-01   1.8848e-06   3.4604e-06   2.2084e-06   1.1246e-07   3.3497e-08   4.3689e-08   1.4412e-02   1.3198e-02   6.7775e-09   1.6380e-09   1.2402e-09   2.5197e-10   
2.4508840646e+16  1.3564e+02   4.2563e+02   1.2210e+01   1.9734e+06   1.8243e+03   9.1674e+03   9.4140e+02   3.5217e+01   1.1906e-02   2.0274e+04   7.0009e-04   5.1442e-01   3.6488e-03   3.4214e-05   2.0642e-01   2.3259e-01   2.3924e-06   4.6685e-06   3.0013e-06   1.7387e-07   5.8385e-08   7.6476e-08   2.2262e-02   2.0606e-02   1.2717e-08   3.4957e-09   2.6646e-09   6.0921e-10   
2.4927999670e+16  1.6508e+02   5.6115e+02   1.2730e+01   1.9671e+06   1.8302e+03   9.1935e+03   9.4804e+02   3.5351e+01   1.2492e-02   2.0340e+04   7.1172e-04   4.7019e-01   3.2593e-03   3.9469e-05   2.1667e-01   2.4634e-01   3.0845e-06   6.2920e-06   4.0939e-06   2.7208e-07   1.0227e-07   1.3435e-07   3.2780e-02   3.0717e-02   2.3921e-08   7.3681e-09   5.6876e-09   1.4620e-09   
2.5173019469e+16  2.0034e+02   7.3168e+02   1.3210e+01   1.9601e+06   1.8366e+03   9.2221e+03   9.5421e+02   3.5479e+01   1.3082e-02   2.0414e+04   7.2573e-04   4.3299e-01   3.0444e-03   4.5537e-05   2.2277e-01   2.5531e-01   3.8883e-06   8.1506e-06   5.3614e-06   4.0212e-07   1.6603e-07   2.1809e-07   4.4060e-02   4.1763e-02   4.1306e-08   1.3857e-08   1.0811e-08   3.0938e-09   
2.5342391630e+16  2.1131e+02   7.8075e+02   1.3330e+01   1.9580e+06   1.8386e+03   9.2311e+03   9.5588e+02   3.5517e+01   1.3239e-02   2.0435e+04   7.3072e-04   4.2244e-01   2.9405e-03   4.6061e-05   2.2420e-01   2.5755e-01   4.0302e-06   8.4907e-06   5.5881e-06   4.2934e-07   1.8117e-07   2.3764e-07   4.7619e-02   4.5183e-02   4.5643e-08   1.5687e-08   1.2243e-08   3.5503e-09   
2.5679530462e+16  2.4263e+02   9.0288e+02   1.3630e+01   1.9526e+06   1.8438e+03   9.2558e+03   9.6019e+02   3.5618e+01   1.3627e-02   2.0493e+04   7.5043e-04   3.9726e-01   2.7169e-03   4.7351e-05   2.2678e-01   2.6206e-01   4.3889e-06   9.3529e-06   6.1617e-06   5.0153e-07   2.2259e-07   2.9090e-07   5.6943e-02   5.4176e-02   5.7806e-08   2.1006e-08   1.6409e-08   4.9106e-09   
2.6107152118e+16  3.2059e+02   1.1148e+03   1.4180e+01   1.9405e+06   1.8552e+03   9.3115e+03   9.6876e+02   3.5862e+01   1.4265e-02   2.0622e+04   8.8418e-04   3.5482e-01   2.4833e-03   4.9488e-05   2.2877e-01   2.6643e-01   5.0328e-06   1.1051e-05   7.2939e-06   6.4441e-07   3.0977e-07   4.0241e-07   7.5381e-02   7.2044e-02   8.4641e-08   3.3573e-08   2.6261e-08   8.2751e-09   
2.6529814043e+16  4.2340e+02   1.2984e+03   1.4680e+01   1.9259e+06   1.8692e+03   9.3790e+03   9.7795e+02   3.6137e+01   1.4611e-02   2.0781e+04   1.4069e-03   3.2140e-01   2.5757e-03   5.1054e-05   2.2871e-01   2.6607e-01   5.5047e-06   1.2950e-05   8.5666e-06   7.6151e-07   3.8914e-07   5.0378e-07   9.2507e-02   8.8657e-02   1.0970e-07   4.6518e-08   3.6408e-08   1.1912e-08   
2.6950238299e+16  5.4702e+02   1.4600e+03   1.5140e+01   1.9083e+06   1.8866e+03   9.4630e+03   9.9021e+02   3.6494e+01   1.4543e-02   2.0974e+04   3.0119e-03   2.9733e-01   3.1878e-03   5.3332e-05   2.2826e-01   2.6308e-01   5.8851e-06   1.5780e-05   1.0421e-05   8.5722e-07   4.5678e-07   5.9008e-07   1.0608e-01   1.0197e-01   1.3159e-07   5.8405e-08   4.5728e-08   1.5362e-08   
2.7392245673e+16  6.7944e+02   1.5924e+03   1.5530e+01   1.8886e+06   1.9061e+03   9.5526e+03   1.0100e+03   3.6918e+01   1.3916e-02   2.1193e+04   6.6862e-03   2.8044e-01   4.5547e-03   5.7132e-05   2.2828e-01   2.5924e-01   6.1956e-06   2.0070e-05   1.3203e-05   9.3099e-07   5.1000e-07   6.5820e-07   1.1575e-01   1.1163e-01   1.4891e-07   6.8107e-08   5.3330e-08   1.8233e-08   
2.7847974870e+16  8.2046e+02   1.7088e+03   1.5880e+01   1.8648e+06   1.9306e+03   9.6403e+03   1.0558e+03   3.7414e+01   1.2618e-02   2.1465e+04   1.4790e-02   2.6651e-01   7.6575e-03   6.5415e-05   2.2911e-01   2.5491e-01   6.5057e-06   2.7939e-05   1.8341e-05   9.9425e-07   5.5605e-07   7.1780e-07   1.2282e-01   1.1887e-01   1.6347e-07   7.6399e-08   5.9813e-08   2.0697e-08   
2.8302271735e+16  9.2503e+02   1.7896e+03   1.6200e+01   1.8415e+06   1.9548e+03   9.6934e+03   1.1383e+03   3.7953e+01   1.1242e-02   2.1737e+04   2.7809e-02   2.5570e-01   1.2798e-02   8.1259e-05   2.3053e-01   2.5127e-01   6.8029e-06   4.0308e-05   2.6533e-05   1.0410e-06   5.9059e-07   7.6347e-07   1.2663e-01   1.2292e-01   1.7343e-07   8.2076e-08   6.4228e-08   2.2356e-08   
2.8798837522e+16  9.9937e+02   1.8493e+03   1.6470e+01   1.8169e+06   1.9814e+03   9.7084e+03   1.2702e+03   3.8534e+01   1.0123e-02   2.2032e+04   4.7584e-02   2.4547e-01   1.9987e-02   1.1160e-04   2.3212e-01   2.4824e-01   7.1506e-06   5.9551e-05   3.9633e-05   1.0824e-06   6.2252e-07   8.0636e-07   1.2872e-01   1.2524e-01   1.8139e-07   8.6559e-08   6.7690e-08   2.3622e-08   
2.9350803914e+16  1.0535e+03   1.8962e+03   1.6700e+01   1.7883e+06   2.0132e+03   9.6840e+03   1.4708e+03   3.9198e+01   9.3897e-03   2.2386e+04   7.7509e-02   2.3491e-01   2.8927e-02   1.7100e-04   2.3361e-01   2.4575e-01   7.6253e-06   8.8795e-05   6.0193e-05   1.1265e-06   6.5822e-07   8.5444e-07   1.2986e-01   1.2662e-01   1.8908e-07   9.0810e-08   7.0964e-08   2.4777e-08   
2.9936253699e+16  1.0928e+03   1.9293e+03   1.6880e+01   1.7556e+06   2.0505e+03   9.6232e+03   1.7401e+03   3.9953e+01   9.0321e-03   2.2804e+04   1.1776e-01   2.2480e-01   3.8257e-02   2.7426e-04   2.3473e-01   2.4390e-01   8.2640e-06   1.2717e-04   8.7907e-05   1.1747e-06   6.9912e-07   9.0923e-07   1.3043e-01   1.2739e-01   1.9709e-07   9.5129e-08   7.4308e-08   2.5924e-08   
3.0492704395e+16  1.1217e+03   1.9490e+03   1.7020e+01   1.7196e+06   2.0935e+03   9.5324e+03   2.0666e+03   4.0790e+01   8.8966e-03   2.3282e+04   1.6492e-01   2.1594e-01   4.6822e-02   4.2565e-04   2.3548e-01   2.4261e-01   9.0721e-06   1.7060e-04   1.2019e-04   1.2269e-06   7.4170e-07   9.6923e-07   1.3064e-01   1.2777e-01   2.0548e-07   9.9590e-08   7.7797e-08   2.7097e-08   
3.0977269069e+16  1.1394e+03   1.9558e+03   1.7090e+01   1.6865e+06   2.1346e+03   9.4403e+03   2.3866e+03   4.1615e+01   8.8625e-03   2.3739e+04   2.0822e-01   2.0937e-01   5.3409e-02   5.9103e-04   2.3591e-01   2.4184e-01   9.9059e-06   2.0998e-04   1.4999e-04   1.2750e-06   7.8675e-07   1.0246e-06   1.3062e-01   1.2788e-01   2.1312e-07   1.0358e-07   8.0943e-08   2.8141e-08   
3.1451909745e+16  1.1497e+03   1.9546e+03   1.7130e+01   1.6563e+06   2.1736e+03   9.3526e+03   2.6901e+03   4.2399e+01   8.8612e-03   2.4173e+04   2.4620e-01   2.0442e-01   5.8545e-02   7.5535e-04   2.3618e-01   2.4136e-01   1.0728e-05   2.4459e-04   1.7646e-04   1.3190e-06   8.2547e-07   1.0749e-06   1.3047e-01   1.2783e-01   2.1999e-07   1.0713e-07   8.3768e-08   2.9070e-08   
3.1988780866e+16  1.1554e+03   1.9463e+03   1.7150e+01   1.6217e+06   2.2200e+03   9.2524e+03   3.0472e+03   4.3303e+01   8.8757e-03   2.4688e+04   2.8636e-01   1.9978e-01   6.3551e-02   9.5141e-04   2.3641e-01   2.4098e-01   1.1717e-05   2.8202e-04   2.0549e-04   1.3694e-06   8.6967e-07   1.1320e-06   1.3018e-01   1.2764e-01   2.2777e-07   1.1112e-07   8.6951e-08   3.0107e-08   
3.2503619041e+16  1.1549e+03   1.9284e+03   1.7130e+01   1.5801e+06   2.2783e+03   9.1381e+03   3.4849e+03   4.4467e+01   8.9067e-03   2.5337e+04   3.3022e-01   1.9520e-01   6.8740e-02   1.1945e-03   2.3663e-01   2.4069e-01   1.2980e-05   3.2501e-04   2.3910e-04   1.4304e-06   9.2282e-07   1.2001e-06   1.2969e-01   1.2726e-01   2.3703e-07   1.1581e-07   9.0716e-08   3.1323e-08   
3.2946601541e+16  1.1496e+03   1.9086e+03   1.7100e+01   1.5465e+06   2.3279e+03   9.0539e+03   3.8441e+03   4.5461e+01   8.9398e-03   2.5889e+04   3.6211e-01   1.9211e-01   7.2438e-02   1.3960e-03   2.3678e-01   2.4055e-01   1.4082e-05   3.5834e-04   2.6537e-04   1.4804e-06   9.6620e-07   1.2552e-06   1.2922e-01   1.2686e-01   2.4449e-07   1.1955e-07   9.3727e-08   3.2287e-08   
3.3395452838e+16  1.1408e+03   1.8855e+03   1.7050e+01   1.5137e+06   2.3784e+03   8.9816e+03   4.1956e+03   4.6472e+01   8.9781e-03   2.6450e+04   3.9059e-01   1.8942e-01   7.5782e-02   1.5994e-03   2.3693e-01   2.4047e-01   1.5211e-05   3.9027e-04   2.9073e-04   1.5295e-06   1.0086e-06   1.3092e-06   1.2869e-01   1.2641e-01   2.5173e-07   1.2316e-07   9.6625e-08   3.3208e-08   
3.3859195681e+16  1.1278e+03   1.8565e+03   1.6990e+01   1.4778e+06   2.4361e+03   8.9158e+03   4.5814e+03   4.7628e+01   9.0259e-03   2.7092e+04   4.1869e-01   1.8683e-01   7.9167e-02   1.8278e-03   2.3708e-01   2.4043e-01   1.6536e-05   4.2461e-04   3.1813e-04   1.5841e-06   1.0555e-06   1.3686e-06   1.2806e-01   1.2584e-01   2.5965e-07   1.2707e-07   9.9762e-08   3.4200e-08   
3.4383287965e+16  1.1115e+03   1.8241e+03   1.6900e+01   1.4417e+06   2.4971e+03   8.8650e+03   4.9703e+03   4.8821e+01   9.0804e-03   2.7771e+04   4.4474e-01   1.8458e-01   8.2273e-02   2.0662e-03   2.3723e-01   2.4043e-01   1.7980e-05   4.6018e-04   3.4650e-04   1.6400e-06   1.1036e-06   1.4296e-06   1.2737e-01   1.2522e-01   2.6762e-07   1.3096e-07   1.0289e-07   3.5182e-08   
3.4978441262e+16  1.0868e+03   1.7787e+03   1.6770e+01   1.3954e+06   2.5800e+03   8.8253e+03   5.4689e+03   5.0469e+01   9.1591e-03   2.8692e+04   4.7518e-01   1.8158e-01   8.6453e-02   2.4048e-03   2.3745e-01   2.4046e-01   2.0058e-05   5.0600e-04   3.8342e-04   1.7138e-06   1.1671e-06   1.5101e-06   1.2641e-01   1.2433e-01   2.7790e-07   1.3595e-07   1.0687e-07   3.6419e-08   
3.5593471822e+16  1.0574e+03   1.7279e+03   1.6660e+01   1.3473e+06   2.6720e+03   8.8166e+03   5.9874e+03   5.2298e+01   9.2496e-03   2.9715e+04   5.0442e-01   1.7869e-01   9.0644e-02   2.7906e-03   2.3769e-01   2.4053e-01   2.2558e-05   5.5591e-04   4.2377e-04   1.7931e-06   1.2356e-06   1.5971e-06   1.2533e-01   1.2333e-01   2.8866e-07   1.4112e-07   1.1096e-07   3.7679e-08   
3.6233719995e+16  1.0234e+03   1.6708e+03   1.6550e+01   1.2975e+06   2.7746e+03   8.8453e+03   6.5273e+03   5.4338e+01   9.3524e-03   3.0856e+04   5.3346e-01   1.7582e-01   9.4945e-02   3.2490e-03   2.3795e-01   2.4064e-01   2.5656e-05   6.1340e-04   4.7031e-04   1.8798e-06   1.3110e-06   1.6936e-06   1.2410e-01   1.2218e-01   2.9993e-07   1.4646e-07   1.1517e-07   3.8960e-08   
3.6905484100e+16  9.8483e+02   1.6070e+03   1.6420e+01   1.2455e+06   2.8902e+03   8.9204e+03   7.0959e+03   5.6634e+01   9.4680e-03   3.2142e+04   5.6319e-01   1.7276e-01   9.9584e-02   3.8060e-03   2.3826e-01   2.4077e-01   2.9674e-05   6.8105e-04   5.2529e-04   1.9743e-06   1.3959e-06   1.8026e-06   1.2272e-01   1.2086e-01   3.1190e-07   1.5206e-07   1.1953e-07   4.0270e-08   
3.7568527769e+16  9.4181e+02   1.5369e+03   1.6260e+01   1.1915e+06   3.0215e+03   9.0472e+03   7.6946e+03   5.9233e+01   9.5991e-03   3.3598e+04   5.9408e-01   1.6947e-01   1.0461e-01   4.5017e-03   2.3860e-01   2.4094e-01   3.5053e-05   7.6138e-04   5.9091e-04   2.0832e-06   1.4934e-06   1.9266e-06   1.2113e-01   1.1935e-01   3.2449e-07   1.5787e-07   1.2401e-07   4.1588e-08   
3.8203489708e+16  9.0062e+02   1.4694e+03   1.6100e+01   1.1424e+06   3.1513e+03   9.2106e+03   8.2509e+03   6.1814e+01   9.7264e-03   3.5042e+04   6.2289e-01   1.6637e-01   1.0940e-01   5.2648e-03   2.3895e-01   2.4110e-01   4.1566e-05   8.4546e-04   6.5990e-04   2.1899e-06   1.5911e-06   2.0528e-06   1.1954e-01   1.1782e-01   3.3615e-07   1.6314e-07   1.2804e-07   4.2748e-08   
3.8830920199e+16  8.5905e+02   1.4000e+03   1.5940e+01   1.0946e+06   3.2888e+03   9.4167e+03   8.8064e+03   6.4547e+01   9.8557e-03   3.6571e+04   6.5226e-01   1.6318e-01   1.1430e-01   6.1595e-03   2.3931e-01   2.4127e-01   4.9950e-05   9.4206e-04   7.3937e-04   2.3045e-06   1.6986e-06   2.1929e-06   1.1785e-01   1.1619e-01   3.4770e-07   1.6827e-07   1.3192e-07   4.3834e-08   
3.9351340682e+16  8.1777e+02   1.3303e+03   1.5760e+01   1.0488e+06   3.4323e+03   9.6618e+03   9.3567e+03   6.7403e+01   9.9869e-03   3.8167e+04   6.8175e-01   1.6005e-01   1.1916e-01   7.1869e-03   2.3967e-01   2.4145e-01   6.1019e-05   1.0520e-03   8.3017e-04   2.4284e-06   1.8156e-06   2.3467e-06   1.1607e-01   1.1445e-01   3.5892e-07   1.7313e-07   1.3554e-07   4.4819e-08   
3.9825824129e+16  7.8997e+02   1.2823e+03   1.5640e+01   1.0188e+06   3.5336e+03   9.8499e+03   9.7295e+03   6.9430e+01   1.0075e-02   3.9292e+04   7.0211e-01   1.5777e-01   1.2262e-01   8.0009e-03   2.3993e-01   2.4157e-01   7.0654e-05   1.1332e-03   8.9801e-04   2.5200e-06   1.9027e-06   2.4599e-06   1.1479e-01   1.1321e-01   3.6635e-07   1.7629e-07   1.3787e-07   4.5427e-08   
4.0366523146e+16  7.5513e+02   1.2203e+03   1.5480e+01   9.8161e+05   3.6676e+03   1.0114e+04   1.0206e+04   7.2097e+01   1.0187e-02   4.0779e+04   7.2894e-01   1.5498e-01   1.2693e-01   9.1361e-03   2.4025e-01   2.4173e-01   8.5740e-05   1.2477e-03   9.9370e-04   2.6454e-06   2.0223e-06   2.6174e-06   1.1309e-01   1.1155e-01   3.7560e-07   1.8012e-07   1.4067e-07   4.6133e-08   
4.0912620900e+16  7.1949e+02   1.1550e+03   1.5300e+01   9.4418e+05   3.8130e+03   1.0420e+04   1.0705e+04   7.4953e+01   1.0303e-02   4.2395e+04   7.5726e-01   1.5207e-01   1.3143e-01   1.0488e-02   2.4059e-01   2.4189e-01   1.0653e-04   1.3805e-03   1.1053e-03   2.7924e-06   2.1627e-06   2.7996e-06   1.1122e-01   1.0972e-01   3.8498e-07   1.8387e-07   1.4338e-07   4.6778e-08   
4.1393096931e+16  6.8501e+02   1.0899e+03   1.5140e+01   9.0866e+05   3.9619e+03   1.0748e+04   1.1202e+04   7.7925e+01   1.0413e-02   4.4050e+04   7.8596e-01   1.4917e-01   1.3590e-01   1.2010e-02   2.4091e-01   2.4204e-01   1.3336e-04   1.5292e-03   1.2309e-03   2.9570e-06   2.3186e-06   3.0024e-06   1.0926e-01   1.0780e-01   3.9384e-07   1.8727e-07   1.4580e-07   4.7307e-08   
4.1857674458e+16  6.5868e+02   1.0386e+03   1.4990e+01   8.8201e+05   4.0815e+03   1.1022e+04   1.1591e+04   8.0324e+01   1.0497e-02   4.5381e+04   8.0909e-01   1.4691e-01   1.3937e-01   1.3341e-02   2.4116e-01   2.4216e-01   1.6009e-04   1.6565e-03   1.3391e-03   3.1016e-06   2.4537e-06   3.1800e-06   1.0766e-01   1.0623e-01   4.0042e-07   1.8966e-07   1.4747e-07   4.7634e-08   
4.2317746055e+16  6.2738e+02   9.7552e+02   1.4830e+01   8.5073e+05   4.2315e+03   1.1377e+04   1.2071e+04   8.3275e+01   1.0579e-02   4.7048e+04   8.3756e-01   1.4413e-01   1.4355e-01   1.5221e-02   2.4144e-01   2.4230e-01   2.0211e-04   1.8248e-03   1.4844e-03   3.3081e-06   2.6376e-06   3.4217e-06   1.0562e-01   1.0422e-01   4.0811e-07   1.9232e-07   1.4930e-07   4.7938e-08   
4.2760822018e+16  6.0252e+02   9.2504e+02   1.4690e+01   8.2642e+05   4.3564e+03   1.1678e+04   1.2460e+04   8.5771e+01   1.0601e-02   4.8431e+04   8.6089e-01   1.4200e-01   1.4697e-01   1.6751e-02   2.4166e-01   2.4240e-01   2.4298e-04   1.9787e-03   1.6148e-03   3.4945e-06   2.8055e-06   3.6441e-06   1.0387e-01   1.0250e-01   4.1376e-07   1.9408e-07   1.5047e-07   4.8069e-08   
4.3207945656e+16  5.7418e+02   8.6625e+02   1.4530e+01   7.9935e+05   4.5038e+03   1.2040e+04   1.2915e+04   8.8674e+01   1.0617e-02   5.0070e+04   8.8835e-01   1.3933e-01   1.5086e-01   1.9005e-02   2.4189e-01   2.4250e-01   3.0613e-04   2.1799e-03   1.7907e-03   3.7570e-06   3.0308e-06   3.9426e-06   1.0173e-01   1.0039e-01   4.1985e-07   1.9579e-07   1.5156e-07   4.8102e-08   
4.3679431534e+16  5.4968e+02   8.1485e+02   1.4390e+01   7.7645e+05   4.6365e+03   1.2373e+04   1.3318e+04   9.1339e+01   1.0621e-02   5.1546e+04   9.1316e-01   1.3724e-01   1.5441e-01   2.0805e-02   2.4209e-01   2.4259e-01   3.6933e-04   2.3619e-03   1.9459e-03   4.0165e-06   3.2455e-06   4.2298e-06   9.9742e-02   9.8433e-02   4.2444e-07   1.9676e-07   1.5211e-07   4.7986e-08   
4.4044304712e+16  5.1977e+02   7.5109e+02   1.4210e+01   7.4904e+05   4.8060e+03   1.2803e+04   1.3827e+04   9.4678e+01   1.0610e-02   5.3430e+04   9.4405e-01   1.3458e-01   1.5879e-01   2.3449e-02   2.4230e-01   2.4268e-01   4.6941e-04   2.6144e-03   2.1654e-03   4.4063e-06   3.5615e-06   4.6430e-06   9.7110e-02   9.5837e-02   4.2935e-07   1.9744e-07   1.5238e-07   4.7674e-08   
4.4418718041e+16  5.0826e+02   7.2672e+02   1.4140e+01   7.3867e+05   4.8735e+03   1.2976e+04   1.4028e+04   9.6007e+01   1.0602e-02   5.4180e+04   9.5658e-01   1.3372e-01   1.6009e-01   2.4800e-02   2.4236e-01   2.4271e-01   5.2073e-04   2.7180e-03   2.2602e-03   4.5989e-06   3.7004e-06   4.8186e-06   9.6028e-02   9.4775e-02   4.3110e-07   1.9752e-07   1.5236e-07   4.7501e-08   
4.4926277776e+16  4.7833e+02   6.6358e+02   1.3950e+01   7.1231e+05   5.0537e+03   1.3440e+04   1.4561e+04   9.9557e+01   1.0568e-02   5.6183e+04   9.8895e-01   1.3138e-01   1.6404e-01   2.8217e-02   2.4252e-01   2.4277e-01   6.7231e-04   3.0130e-03   2.5250e-03   5.1801e-06   4.1125e-06   5.3548e-06   9.3031e-02   9.1824e-02   4.3459e-07   1.9706e-07   1.5179e-07   4.6850e-08   
4.5388484882e+16  4.5295e+02   6.1160e+02   1.3790e+01   6.9064e+05   5.2127e+03   1.3853e+04   1.5027e+04   1.0268e+02   1.0527e-02   5.7945e+04   1.0169e+00   1.2893e-01   1.6833e-01   3.1111e-02   2.4260e-01   2.4277e-01   8.2855e-04   3.2998e-03   2.7749e-03   5.7933e-06   4.5277e-06   5.9000e-06   9.0255e-02   8.9078e-02   4.3638e-07   1.9584e-07   1.5063e-07   4.6049e-08   
4.5832664293e+16  4.2916e+02   5.6426e+02   1.3640e+01   6.7091e+05   5.3659e+03   1.4254e+04   1.5474e+04   1.0570e+02   1.0477e-02   5.9648e+04   1.0440e+00   1.2715e-01   1.7183e-01   3.4275e-02   2.4263e-01   2.4275e-01   1.0137e-03   3.5849e-03   3.0317e-03   6.5408e-06   4.9839e-06   6.4883e-06   8.7423e-02   8.6286e-02   4.3693e-07   1.9382e-07   1.4892e-07   4.5068e-08   
4.6138630632e+16  4.0665e+02   5.2051e+02   1.3490e+01   6.5287e+05   5.5141e+03   1.4647e+04   1.5909e+04   1.0855e+02   1.0418e-02   6.1295e+04   1.0695e+00   1.2550e-01   1.7517e-01   3.7670e-02   2.4260e-01   2.4268e-01   1.2342e-03   3.8811e-03   3.3013e-03   7.4715e-06   5.4954e-06   7.1404e-06   8.4518e-02   8.3419e-02   4.3631e-07   1.9109e-07   1.4668e-07   4.3913e-08   
4.6454033152e+16  3.9770e+02   5.0402e+02   1.3430e+01   6.4585e+05   5.5740e+03   1.4805e+04   1.6083e+04   1.0973e+02   1.0393e-02   6.1961e+04   1.0795e+00   1.2522e-01   1.7614e-01   3.9140e-02   2.4259e-01   2.4265e-01   1.3295e-03   3.9872e-03   3.4028e-03   7.8925e-06   5.7046e-06   7.4042e-06   8.3293e-02   8.2215e-02   4.3554e-07   1.8967e-07   1.4556e-07   4.3374e-08   
4.6809836156e+16  3.7495e+02   4.6184e+02   1.3280e+01   6.2841e+05   5.7286e+03   1.5213e+04   1.6531e+04   1.1278e+02   1.0318e-02   6.3679e+04   1.1056e+00   1.2359e-01   1.7996e-01   4.2852e-02   2.4247e-01   2.4250e-01   1.6204e-03   4.3145e-03   3.7012e-03   9.2548e-06   6.3397e-06   8.2090e-06   8.0000e-02   7.8962e-02   4.3292e-07   1.8537e-07   1.4218e-07   4.1818e-08   
4.7183307672e+16  3.6237e+02   4.3965e+02   1.3190e+01   6.1901e+05   5.8155e+03   1.5443e+04   1.6783e+04   1.1442e+02   1.0273e-02   6.4646e+04   1.1198e+00   1.2274e-01   1.8181e-01   4.5382e-02   2.4234e-01   2.4236e-01   1.8193e-03   4.5235e-03   3.8973e-03   1.0232e-05   6.7573e-06   8.7202e-06   7.8054e-02   7.7042e-02   4.3099e-07   1.8258e-07   1.4000e-07   4.0848e-08   
4.7562178249e+16  3.3885e+02   3.9848e+02   1.3030e+01   6.0192e+05   5.9806e+03   1.5880e+04   1.7260e+04   1.1760e+02   1.0176e-02   6.6480e+04   1.1467e+00   1.2136e-01   1.8597e-01   4.9834e-02   2.4204e-01   2.4205e-01   2.2306e-03   4.8984e-03   4.2455e-03   1.2478e-05   7.5985e-06   9.7616e-06   7.4154e-02   7.3189e-02   4.2550e-07   1.7606e-07   1.3496e-07   3.8736e-08   
4.7902941923e+16  3.2626e+02   3.7736e+02   1.2940e+01   5.9306e+05   6.0705e+03   1.6117e+04   1.7519e+04   1.1936e+02   1.0119e-02   6.7473e+04   1.1611e+00   1.2093e-01   1.8817e-01   5.2319e-02   2.4183e-01   2.4184e-01   2.4815e-03   5.0881e-03   4.4252e-03   1.3983e-05   8.0699e-06   1.0334e-05   7.1911e-02   7.0974e-02   4.2151e-07   1.7185e-07   1.3173e-07   3.7443e-08   
4.8243429830e+16  3.0708e+02   3.4529e+02   1.2800e+01   5.8000e+05   6.2072e+03   1.6478e+04   1.7914e+04   1.2198e+02   1.0021e-02   6.8992e+04   1.1822e+00   1.1978e-01   1.9214e-01   5.6515e-02   2.4139e-01   2.4138e-01   2.9476e-03   5.4235e-03   4.7394e-03   1.6983e-05   8.9102e-06   1.1345e-05   6.8273e-02   6.7377e-02   4.1456e-07   1.6456e-07   1.2617e-07   3.5274e-08   
4.8597838062e+16  2.9489e+02   3.2619e+02   1.2710e+01   5.7198e+05   6.2941e+03   1.6709e+04   1.8165e+04   1.2362e+02   9.9566e-03   6.9958e+04   1.1955e+00   1.1963e-01   1.9391e-01   5.9731e-02   2.4101e-01   2.4099e-01   3.2655e-03   5.6595e-03   4.9738e-03   1.9208e-05   9.5214e-06   1.2034e-05   6.5826e-02   6.4963e-02   4.0813e-07   1.5899e-07   1.2195e-07   3.3679e-08   
4.8982769899e+16  2.7513e+02   2.9499e+02   1.2570e+01   5.5940e+05   6.4356e+03   1.7085e+04   1.8573e+04   1.2625e+02   9.8312e-03   7.1531e+04   1.2166e+00   1.1910e-01   1.9788e-01   6.4850e-02   2.4029e-01   2.4019e-01   3.8682e-03   6.0058e-03   5.3161e-03   2.3704e-05   1.0475e-05   1.3097e-05   6.1634e-02   6.0818e-02   3.9403e-07   1.4813e-07   1.1372e-07   3.0681e-08   
4.9353654524e+16  2.6066e+02   2.7386e+02   1.2460e+01   5.5061e+05   6.5382e+03   1.7356e+04   1.8870e+04   1.2819e+02   9.6876e-03   7.2671e+04   1.2312e+00   1.1895e-01   2.0116e-01   6.8733e-02   2.3965e-01   2.3944e-01   4.3590e-03   6.2384e-03   5.5507e-03   2.7658e-05   1.1155e-05   1.3813e-05   5.8326e-02   5.7547e-02   3.8197e-07   1.3916e-07   1.0693e-07   2.8320e-08   
4.9716499438e+16  2.4286e+02   2.4739e+02   1.2330e+01   5.4020e+05   6.6641e+03   1.7691e+04   1.9233e+04   1.3051e+02   9.5017e-03   7.4071e+04   1.2490e+00   1.1880e-01   2.0566e-01   7.3935e-02   2.3863e-01   2.3823e-01   5.0786e-03   6.5420e-03   5.8594e-03   3.3876e-05   1.2063e-05   1.4755e-05   5.3967e-02   5.3235e-02   3.6543e-07   1.2713e-07   9.7856e-08   2.5260e-08   
5.0081227798e+16  2.2965e+02   2.2941e+02   1.2230e+01   5.3283e+05   6.7563e+03   1.7935e+04   1.9499e+04   1.3217e+02   9.3564e-03   7.5095e+04   1.2612e+00   1.1942e-01   2.0878e-01   7.8132e-02   2.3768e-01   2.3713e-01   5.6543e-03   6.7372e-03   6.0726e-03   3.8982e-05   1.2626e-05   1.5276e-05   5.0508e-02   4.9816e-02   3.5050e-07   1.1726e-07   9.0397e-08   2.2870e-08   
5.0445522536e+16  2.1252e+02   2.0539e+02   1.2100e+01   5.2358e+05   6.8756e+03   1.8251e+04   1.9845e+04   1.3435e+02   9.1502e-03   7.6421e+04   1.2759e+00   1.1979e-01   2.1432e-01   8.3771e-02   2.3617e-01   2.3530e-01   6.4913e-03   6.9506e-03   6.3077e-03   4.6689e-05   1.3234e-05   1.5777e-05   4.5736e-02   4.5092e-02   3.2893e-07   1.0354e-07   8.0038e-08   1.9673e-08   
5.0827514958e+16  2.0007e+02   1.9313e+02   1.2010e+01   5.1711e+05   6.9615e+03   1.8479e+04   2.0093e+04   1.3587e+02   9.0315e-03   7.7376e+04   1.2861e+00   1.2173e-01   2.1813e-01   8.7670e-02   2.3474e-01   2.3372e-01   7.0339e-03   7.0080e-03   6.3962e-03   5.1488e-05   1.3272e-05   1.5631e-05   4.2050e-02   4.1449e-02   3.0853e-07   9.2637e-08   7.1795e-08   1.7278e-08   
5.1194913245e+16  1.8313e+02   1.7786e+02   1.1870e+01   5.0821e+05   7.0834e+03   1.8802e+04   2.0445e+04   1.3801e+02   8.8879e-03   7.8730e+04   1.2997e+00   1.2451e-01   2.2456e-01   9.3500e-02   2.3234e-01   2.3092e-01   7.7239e-03   6.8655e-03   6.3355e-03   5.4881e-05   1.2225e-05   1.4123e-05   3.6860e-02   3.6311e-02   2.6088e-07   7.3488e-08   5.7215e-08   1.3122e-08   
5.1569871086e+16  1.7323e+02   1.6983e+02   1.1800e+01   5.0296e+05   7.1573e+03   1.9002e+04   2.0663e+04   1.3930e+02   8.8060e-03   7.9552e+04   1.3080e+00   1.2714e-01   2.2979e-01   9.5899e-02   2.3047e-01   2.2881e-01   7.9342e-03   6.7833e-03   6.2705e-03   5.4756e-05   1.1398e-05   1.3108e-05   3.3670e-02   3.3152e-02   2.3127e-07   6.2744e-08   4.8926e-08   1.0902e-08   
5.2034845769e+16  1.5799e+02   1.5669e+02   1.1670e+01   4.9468e+05   7.2771e+03   1.9319e+04   2.1009e+04   1.4130e+02   8.6659e-03   8.0883e+04   1.3196e+00   1.3168e-01   2.3895e-01   1.0009e-01   2.2673e-01   2.2476e-01   8.3069e-03   6.6182e-03   6.1335e-03   5.4401e-05   1.0032e-05   1.1437e-05   2.8558e-02   2.8097e-02   1.8693e-07   4.7435e-08   3.7100e-08   7.8693e-09   
5.2365067059e+16  1.4399e+02   1.4487e+02   1.1550e+01   4.8703e+05   7.3921e+03   1.9622e+04   2.1339e+04   1.4311e+02   8.5287e-03   8.2152e+04   1.3293e+00   1.3475e-01   2.4825e-01   1.0625e-01   2.2254e-01   2.2017e-01   8.9510e-03   6.1514e-03   5.7520e-03   5.5058e-05   8.3231e-06   9.3238e-06   2.3758e-02   2.3349e-02   1.4886e-07   3.4845e-08   2.7353e-08   5.5139e-09   
5.2709795279e+16  1.3841e+02   1.4093e+02   1.1510e+01   4.8389e+05   7.4401e+03   1.9750e+04   2.1478e+04   1.4387e+02   8.4827e-03   8.2686e+04   1.3330e+00   1.3698e-01   2.5227e-01   1.0840e-01   2.2036e-01   2.1788e-01   9.1424e-03   6.0130e-03   5.6340e-03   5.4157e-05   7.6501e-06   8.5158e-06   2.1815e-02   2.1429e-02   1.3376e-07   3.0299e-08   2.3833e-08   4.7002e-09   
5.3084653721e+16  1.2535e+02   1.3038e+02   1.1390e+01   4.7647e+05   7.5559e+03   2.0056e+04   2.1813e+04   1.4569e+02   8.3502e-03   8.3973e+04   1.3414e+00   1.4234e-01   2.6272e-01   1.1437e-01   2.1441e-01   2.1172e-01   9.6303e-03   5.4148e-03   5.1099e-03   5.2130e-05   5.8884e-06   6.4338e-06   1.7269e-02   1.6943e-02   1.0064e-07   2.0815e-08   1.6455e-08   3.0623e-09   
5.3423935717e+16  1.1898e+02   1.2609e+02   1.1330e+01   4.7274e+05   7.6154e+03   2.0214e+04   2.1985e+04   1.4659e+02   8.2952e-03   8.4634e+04   1.3452e+00   1.4569e-01   2.6866e-01   1.1711e-01   2.1065e-01   2.0789e-01   9.8332e-03   5.2311e-03   4.9430e-03   5.0085e-05   5.1485e-06   5.5885e-06   1.5113e-02   1.4818e-02   8.5556e-08   1.6874e-08   1.3377e-08   2.4132e-09   
5.3831079573e+16  1.0939e+02   1.1877e+02   1.1240e+01   4.6694e+05   7.7099e+03   2.0464e+04   2.2259e+04   1.4798e+02   8.1961e-03   8.5685e+04   1.3499e+00   1.5143e-01   2.7851e-01   1.2157e-01   2.0424e-01   2.0131e-01   1.0059e-02   4.6933e-03   4.4562e-03   4.6568e-05   3.8987e-06   4.1741e-06   1.1963e-02   1.1714e-02   6.4574e-08   1.1721e-08   9.3334e-09   1.5973e-09   
5.4278095424e+16  1.0116e+02   1.1329e+02   1.1160e+01   4.6176e+05   7.7965e+03   2.0694e+04   2.2509e+04   1.4912e+02   8.1196e-03   8.6648e+04   1.3535e+00   1.5765e-01   2.8823e-01   1.2530e-01   1.9759e-01   1.9456e-01   1.0066e-02   4.0706e-03   3.8867e-03   4.1240e-05   2.8090e-06   2.9603e-06   9.4077e-03   9.1982e-03   4.8050e-08   8.1051e-09   6.4813e-09   1.0531e-09   
5.4774250380e+16  9.1801e+01   1.0696e+02   1.1070e+01   4.5549e+05   7.9037e+03   2.0977e+04   2.2819e+04   1.5055e+02   8.0284e-03   8.7838e+04   1.3575e+00   1.6575e-01   3.0093e-01   1.2974e-01   1.8823e-01   1.8500e-01   1.0109e-02   3.4799e-03   3.3461e-03   3.5497e-05   1.8863e-06   1.9516e-06   6.7614e-03   6.5971e-03   3.2644e-08   4.9590e-09   3.9895e-09   6.0609e-10   
5.5129770356e+16  8.3350e+01   1.0146e+02   1.0990e+01   4.4966e+05   8.0061e+03   2.1249e+04   2.3115e+04   1.5188e+02   7.9462e-03   8.8977e+04   1.3591e+00   1.7523e-01   3.1410e-01   1.3330e-01   1.7790e-01   1.7466e-01   9.9106e-03   2.8514e-03   2.7511e-03   2.9332e-05   1.1642e-06   1.1866e-06   4.6912e-03   4.5675e-03   2.1226e-08   2.8904e-09   2.3392e-09   3.3068e-10   
5.5488491396e+16  8.0088e+01   9.9890e+01   1.0950e+01   4.4715e+05   8.0510e+03   2.1367e+04   2.3245e+04   1.5238e+02   7.9245e-03   8.9476e+04   1.3595e+00   1.7882e-01   3.1978e-01   1.3489e-01   1.7335e-01   1.7010e-01   9.8669e-03   2.6938e-03   2.5988e-03   2.6739e-05   9.6442e-07   9.7708e-07   3.9914e-03   3.8824e-03   1.7589e-08   2.2907e-09   1.8600e-09   2.5424e-10   
5.5950349614e+16  7.3304e+01   9.5280e+01   1.0870e+01   4.4162e+05   8.1518e+03   2.1635e+04   2.3536e+04   1.5356e+02   7.8539e-03   9.0596e+04   1.3602e+00   1.8946e-01   3.3285e-01   1.3682e-01   1.6262e-01   1.5935e-01   9.3807e-03   2.1211e-03   2.0572e-03   2.0867e-05   5.6310e-07   5.6179e-07   2.7002e-03   2.6205e-03   1.1150e-08   1.3081e-09   1.0664e-09   1.3506e-10   
5.6385803004e+16  6.8384e+01   9.2209e+01   1.0820e+01   4.3710e+05   8.2361e+03   2.1857e+04   2.3781e+04   1.5441e+02   7.8077e-03   9.1532e+04   1.3596e+00   1.9814e-01   3.4333e-01   1.3807e-01   1.5372e-01   1.5045e-01   8.9859e-03   1.7668e-03   1.7191e-03   1.6746e-05   3.6279e-07   3.5710e-07   1.9344e-03   1.8736e-03   7.5967e-09   8.1567e-10   6.6749e-10   7.9304e-11   
5.6838621988e+16  6.4033e+01   8.8834e+01   1.0760e+01   4.3252e+05   8.3233e+03   2.2089e+04   2.4033e+04   1.5531e+02   7.7543e-03   9.2502e+04   1.3580e+00   2.0721e-01   3.5362e-01   1.3851e-01   1.4491e-01   1.4168e-01   8.4843e-03   1.4479e-03   1.4120e-03   1.3259e-05   2.3139e-07   2.2521e-07   1.3762e-03   1.3304e-03   5.1558e-09   5.0580e-10   4.1532e-10   4.6204e-11   
5.7278327118e+16  6.0139e+01   8.5607e+01   1.0710e+01   4.2799e+05   8.4114e+03   2.2322e+04   2.4287e+04   1.5611e+02   7.7019e-03   9.3481e+04   1.3555e+00   2.1672e-01   3.6315e-01   1.3856e-01   1.3624e-01   1.3309e-01   8.0015e-03   1.1729e-03   1.1476e-03   1.0454e-05   1.4628e-07   1.4069e-07   9.7129e-04   9.3723e-04   3.4832e-09   3.1087e-10   2.5612e-10   2.6664e-11   
5.7731782827e+16  5.7194e+01   8.3317e+01   1.0670e+01   4.2399e+05   8.4908e+03   2.2532e+04   2.4517e+04   1.5674e+02   7.6658e-03   9.4363e+04   1.3532e+00   2.2482e-01   3.7123e-01   1.3799e-01   1.2908e-01   1.2598e-01   7.5242e-03   9.8527e-04   9.6493e-04   8.3973e-06   9.9741e-08   9.5181e-08   7.2200e-04   6.9554e-04   2.4966e-09   2.0611e-10   1.7024e-10   1.6766e-11   
5.8183480311e+16  5.4265e+01   8.0388e+01   1.0620e+01   4.1951e+05   8.5812e+03   2.2772e+04   2.4778e+04   1.5745e+02   7.6164e-03   9.5368e+04   1.3485e+00   2.3373e-01   3.7979e-01   1.3695e-01   1.2146e-01   1.1842e-01   7.0082e-03   8.1661e-04   8.0082e-04   6.6468e-06   6.6492e-08   6.2885e-08   5.1991e-04   5.0001e-04   1.7360e-09   1.3097e-10   1.0846e-10   1.0059e-11   
5.8614193434e+16  5.2023e+01   7.8382e+01   1.0580e+01   4.1584e+05   8.6571e+03   2.2977e+04   2.5003e+04   1.5798e+02   7.5788e-03   9.6211e+04   1.3444e+00   2.4095e-01   3.8630e-01   1.3620e-01   1.1535e-01   1.1238e-01   6.6559e-03   7.0209e-04   6.8979e-04   5.4852e-06   4.7672e-08   4.4712e-08   3.9436e-04   3.7874e-04   1.2831e-09   8.9535e-11   7.4342e-11   6.5607e-12   
5.9068178504e+16  5.0071e+01   7.6083e+01   1.0550e+01   4.1203e+05   8.7370e+03   2.3189e+04   2.5234e+04   1.5847e+02   7.5434e-03   9.7099e+04   1.3393e+00   2.4797e-01   3.9214e-01   1.3516e-01   1.0976e-01   1.0685e-01   6.3178e-03   6.0680e-04   5.9692e-04   4.5868e-06   3.5106e-08   3.2674e-08   3.0343e-04   2.9105e-04   9.6614e-10   6.2497e-11   5.2011e-11   4.3819e-12   
5.9531675595e+16  4.8175e+01   7.3784e+01   1.0520e+01   4.0823e+05   8.8184e+03   2.3405e+04   2.5470e+04   1.5896e+02   7.5022e-03   9.8004e+04   1.3335e+00   2.5556e-01   3.9784e-01   1.3382e-01   1.0408e-01   1.0125e-01   5.9702e-03   5.1724e-04   5.0947e-04   3.8014e-06   2.5415e-08   2.3472e-08   2.3014e-04   2.2048e-04   7.1740e-10   4.2872e-11   3.5765e-11   2.8703e-12   
6.0010395741e+16  4.6412e+01   7.1580e+01   1.0480e+01   4.0457e+05   8.8982e+03   2.3617e+04   2.5700e+04   1.5931e+02   7.4615e-03   9.8891e+04   1.3265e+00   2.6309e-01   4.0324e-01   1.3236e-01   9.8606e-02   9.5855e-02   5.6383e-03   4.4237e-04   4.3613e-04   3.1396e-06   1.8473e-08   1.6933e-08   1.7428e-04   1.6676e-04   5.3230e-10   2.9350e-11   2.4544e-11   1.8775e-12   
6.0530603721e+16  4.4937e+01   6.9804e+01   1.0450e+01   4.0080e+05   8.9817e+03   2.3837e+04   2.5942e+04   1.5971e+02   7.4308e-03   9.9819e+04   1.3189e+00   2.6999e-01   4.0793e-01   1.3072e-01   9.3844e-02   9.1165e-02   5.3252e-03   3.8367e-04   3.7849e-04   2.6286e-06   1.3880e-08   1.2650e-08   1.3565e-04   1.2966e-04   4.0740e-10   2.0889e-11   1.7499e-11   1.2830e-12   
6.1039581784e+16  4.3347e+01   6.7536e+01   1.0420e+01   3.9682e+05   9.0718e+03   2.4076e+04   2.6202e+04   1.5990e+02   7.3875e-03   1.0082e+05   1.3093e+00   2.7818e-01   4.1291e-01   1.2860e-01   8.8541e-02   8.5949e-02   4.9758e-03   3.2414e-04   3.2005e-04   2.1362e-06   1.0012e-08   9.0680e-09   1.0146e-04   9.6868e-05   2.9890e-10   1.4075e-11   1.1815e-11   8.2522e-13   
6.1490710540e+16  4.2040e+01   6.5655e+01   1.0390e+01   3.9353e+05   9.1475e+03   2.4278e+04   2.6421e+04   1.6012e+02   7.3503e-03   1.0166e+05   1.3006e+00   2.8500e-01   4.1704e-01   1.2682e-01   8.4118e-02   8.1600e-02   4.7026e-03   2.8194e-04   2.7856e-04   1.7892e-06   7.5810e-09   6.8229e-09   7.8635e-05   7.4998e-05   2.2812e-10   9.9532e-12   8.3714e-12   5.6071e-13   
6.1962731112e+16  4.1125e+01   6.4411e+01   1.0370e+01   3.9061e+05   9.2159e+03   2.4459e+04   2.6619e+04   1.6019e+02   7.3275e-03   1.0242e+05   1.2918e+00   2.9082e-01   4.2035e-01   1.2465e-01   8.0804e-02   7.8338e-02   4.4179e-03   2.5047e-04   2.4740e-04   1.5188e-06   6.0924e-09   5.4707e-09   6.4946e-05   6.1896e-05   1.8575e-10   7.6795e-12   6.4602e-12   4.1961e-13   
6.2459250930e+16  4.0020e+01   6.2595e+01   1.0350e+01   3.8727e+05   9.2954e+03   2.4669e+04   2.6849e+04   1.6023e+02   7.2907e-03   1.0331e+05   1.2809e+00   2.9716e-01   4.2373e-01   1.2288e-01   7.6945e-02   7.4550e-02   4.1921e-03   2.1995e-04   2.1754e-04   1.2927e-06   4.7234e-09   4.2150e-09   5.1104e-05   4.8662e-05   1.4449e-10   5.5508e-12   4.6784e-12   2.9236e-13   
6.2940968645e+16  3.8995e+01   6.0945e+01   1.0330e+01   3.8427e+05   9.3678e+03   2.4861e+04   2.7059e+04   1.6023e+02   7.2562e-03   1.0411e+05   1.2708e+00   3.0371e-01   4.2669e-01   1.2093e-01   7.3280e-02   7.0959e-02   3.9662e-03   1.9210e-04   1.9007e-04   1.0931e-06   3.6702e-09   3.2588e-09   4.0366e-05   3.8405e-05   1.1271e-10   4.0347e-12   3.4066e-12   2.0501e-13   
6.3436250662e+16  3.8189e+01   5.9703e+01   1.0310e+01   3.8135e+05   9.4395e+03   2.5051e+04   2.7266e+04   1.6019e+02   7.2322e-03   1.0491e+05   1.2595e+00   3.0961e-01   4.2931e-01   1.1870e-01   7.0252e-02   6.7987e-02   3.7300e-03   1.7047e-04   1.6860e-04   9.3043e-07   2.9606e-09   2.6218e-09   3.3154e-05   3.1521e-05   9.1491e-11   3.0942e-12   2.6138e-12   1.5254e-13   
6.3957077220e+16  3.7316e+01   5.8153e+01   1.0290e+01   3.7841e+05   9.5140e+03   2.5246e+04   2.7478e+04   1.6006e+02   7.1987e-03   1.0572e+05   1.2474e+00   3.1561e-01   4.3185e-01   1.1674e-01   6.7056e-02   6.4857e-02   3.5313e-03   1.5060e-04   1.4908e-04   7.9414e-07   2.3484e-09   2.0692e-09   2.6575e-05   2.5247e-05   7.2588e-11   2.2957e-12   1.9422e-12   1.0949e-13   
6.4485547933e+16  3.6394e+01   5.6563e+01   1.0270e+01   3.7543e+05   9.5894e+03   2.5451e+04   2.7701e+04   1.5984e+02   7.1632e-03   1.0656e+05   1.2346e+00   3.2229e-01   4.3415e-01   1.1469e-01   6.3680e-02   6.1557e-02   3.3369e-03   1.3065e-04   1.2944e-04   6.6813e-07   1.8178e-09   1.5928e-09   2.0799e-05   1.9743e-05   5.6201e-11   1.6490e-12   1.3977e-12   7.5833e-14   
6.4964795952e+16  3.5701e+01   5.5369e+01   1.0260e+01   3.7262e+05   9.6618e+03   2.5643e+04   2.7910e+04   1.5954e+02   7.1383e-03   1.0737e+05   1.2210e+00   3.2819e-01   4.3611e-01   1.1237e-01   6.0997e-02   5.8930e-02   3.1326e-03   1.1593e-04   1.1477e-04   5.6731e-07   1.4761e-09   1.2906e-09   1.7108e-05   1.6229e-05   4.5749e-11   1.2675e-12   1.0747e-12   5.6602e-14   
6.5466760010e+16  3.5093e+01   5.4234e+01   1.0240e+01   3.7037e+05   9.7205e+03   2.5798e+04   2.8081e+04   1.5933e+02   7.1126e-03   1.0802e+05   1.2097e+00   3.3320e-01   4.3796e-01   1.1035e-01   5.8655e-02   5.6636e-02   2.9630e-03   1.0482e-04   1.0379e-04   4.9207e-07   1.2274e-09   1.0706e-09   1.4322e-05   1.3579e-05   3.7958e-11   9.9702e-13   8.4576e-13   4.3374e-14   
6.6012840989e+16  3.4287e+01   5.2767e+01   1.0230e+01   3.6754e+05   9.7952e+03   2.5996e+04   2.8297e+04   1.5892e+02   7.0781e-03   1.0885e+05   1.1950e+00   3.3962e-01   4.3963e-01   1.0833e-01   5.5684e-02   5.3737e-02   2.8030e-03   9.0745e-05   8.9991e-05   4.1457e-07   9.5640e-10   8.2920e-10   1.1234e-05   1.0642e-05   2.9493e-11   7.1826e-13   6.1044e-13   3.0156e-14   
6.6488382904e+16  3.3718e+01   5.1718e+01   1.0210e+01   3.6502e+05   9.8629e+03   2.6176e+04   2.8493e+04   1.5848e+02   7.0547e-03   1.0960e+05   1.1806e+00   3.4515e-01   4.4097e-01   1.0608e-01   5.3442e-02   5.1547e-02   2.6348e-03   8.1069e-05   8.0305e-05   3.5399e-07   7.9014e-10   6.8395e-10   9.3670e-06   8.8689e-06   2.4373e-11   5.6244e-13   4.7806e-13   2.2988e-14   
6.7005763257e+16  3.3227e+01   5.0738e+01   1.0200e+01   3.6304e+05   9.9166e+03   2.6319e+04   2.8648e+04   1.5813e+02   7.0311e-03   1.1020e+05   1.1694e+00   3.4978e-01   4.4232e-01   1.0408e-01   5.1511e-02   4.9660e-02   2.4913e-03   7.3761e-05   7.3084e-05   3.0845e-07   6.6868e-10   5.7808e-10   7.9667e-06   7.5392e-06   2.0564e-11   4.5198e-13   3.8420e-13   1.8042e-14   
6.7564756386e+16  3.2507e+01   4.9380e+01   1.0190e+01   3.6033e+05   9.9911e+03   2.6516e+04   2.8863e+04   1.5754e+02   6.9978e-03   1.1103e+05   1.1523e+00   3.5586e-01   4.4373e-01   1.0199e-01   4.8857e-02   4.7071e-02   2.3483e-03   6.4390e-05   6.3843e-05   2.5910e-07   5.2486e-10   4.5122e-10   6.2507e-06   5.9108e-06   1.6002e-11   3.2578e-13   2.7739e-13   1.2561e-14   
6.8059969579e+16  3.2047e+01   4.8491e+01   1.0180e+01   3.5813e+05   1.0052e+04   2.6679e+04   2.9040e+04   1.5706e+02   6.9774e-03   1.1171e+05   1.1385e+00   3.6086e-01   4.4439e-01   1.0003e-01   4.7051e-02   4.5312e-02   2.2236e-03   5.7575e-05   5.7108e-05   2.2487e-07   4.4177e-10   3.7901e-10   5.3039e-06   5.0131e-06   1.3480e-11   2.6123e-13   2.2246e-13   9.8310e-15   
6.8632146867e+16  3.1584e+01   4.7530e+01   1.0170e+01   3.5614e+05   1.0109e+04   2.6828e+04   2.9203e+04   1.5648e+02   6.9537e-03   1.1233e+05   1.1246e+00   3.6573e-01   4.4512e-01   9.8105e-02   4.5260e-02   4.3567e-02   2.1049e-03   5.2016e-05   5.1579e-05   1.9552e-07   3.7199e-10   3.1858e-10   4.4777e-06   4.2300e-06   1.1300e-11   2.0791e-13   1.7710e-13   7.6360e-15   
6.9196587559e+16  3.0920e+01   4.6227e+01   1.0150e+01   3.5349e+05   1.0184e+04   2.7029e+04   2.9421e+04   1.5572e+02   6.9205e-03   1.1317e+05   1.1059e+00   3.7545e-01   4.4785e-01   9.2144e-02   4.2170e-02   4.0535e-02   1.7543e-03   4.3445e-05   4.2845e-05   1.3727e-07   2.7722e-10   2.3979e-10   3.4300e-06   3.2373e-06   8.4332e-12   1.4463e-13   1.2252e-13   5.1016e-15   
6.9724248154e+16  3.0479e+01   4.5493e+01   1.0150e+01   3.5171e+05   1.0236e+04   2.7166e+04   2.9570e+04   1.5515e+02   6.9027e-03   1.1375e+05   1.0925e+00   3.7854e-01   4.4880e-01   9.1138e-02   4.0667e-02   3.9072e-02   1.6990e-03   3.8807e-05   3.8500e-05   1.2145e-07   2.3391e-10   2.0102e-10   2.8938e-06   2.7299e-06   7.0848e-12   1.1499e-13   9.7565e-14   3.9581e-15   
7.0313101005e+16  3.0048e+01   4.4501e+01   1.0140e+01   3.4952e+05   1.0300e+04   2.7336e+04   2.9756e+04   1.5441e+02   6.8776e-03   1.1446e+05   1.0757e+00   3.8279e-01   4.4871e-01   8.9990e-02   3.9166e-02   3.7618e-02   1.6454e-03   3.5262e-05   3.4987e-05   1.0930e-07   1.9856e-10   1.6979e-10   2.4383e-06   2.2991e-06   5.9580e-12   9.1417e-14   7.7701e-14   3.0731e-15   
7.0820645069e+16  2.9586e+01   4.3523e+01   1.0130e+01   3.4742e+05   1.0362e+04   2.7507e+04   2.9941e+04   1.5361e+02   6.8521e-03   1.1515e+05   1.0591e+00   3.8772e-01   4.4844e-01   8.8602e-02   3.7542e-02   3.6047e-02   1.5815e-03   3.1477e-05   3.1250e-05   9.6210e-08   1.6523e-10   1.4056e-10   2.0154e-06   1.8993e-06   4.9082e-12   7.0780e-14   6.0256e-14   2.3187e-15   
7.1311341610e+16  2.9237e+01   4.2821e+01   1.0120e+01   3.4595e+05   1.0406e+04   2.7624e+04   3.0069e+04   1.5299e+02   6.8333e-03   1.1564e+05   1.0467e+00   3.9191e-01   4.4859e-01   8.6937e-02   3.6229e-02   3.4771e-02   1.5034e-03   2.8661e-05   2.8435e-05   8.4485e-08   1.4205e-10   1.2065e-10   1.7327e-06   1.6322e-06   4.1946e-12   5.7715e-14   4.9137e-14   1.8517e-15   
7.1943157872e+16  2.8891e+01   4.2092e+01   1.0110e+01   3.4410e+05   1.0462e+04   2.7772e+04   3.0230e+04   1.5219e+02   6.8152e-03   1.1626e+05   1.0306e+00   3.9610e-01   4.4830e-01   8.5565e-02   3.4982e-02   3.3564e-02   1.4411e-03   2.5975e-05   2.5778e-05   7.4898e-08   1.2226e-10   1.0355e-10   1.4883e-06   1.4014e-06   3.5895e-12   4.7069e-14   4.0096e-14   1.4789e-15   
7.2517213242e+16  2.8409e+01   4.1056e+01   1.0100e+01   3.4182e+05   1.0532e+04   2.7956e+04   3.0433e+04   1.5109e+02   6.7874e-03   1.1704e+05   1.0109e+00   4.0574e-01   4.4821e-01   8.0620e-02   3.2762e-02   3.1402e-02   1.2200e-03   2.2217e-05   2.1844e-05   5.4350e-08   9.5086e-11   8.1328e-11   1.1769e-06   1.1073e-06   2.7806e-12   3.4236e-14   2.9012e-14   1.0400e-15   
7.2970951878e+16  2.8099e+01   4.0426e+01   1.0100e+01   3.4047e+05   1.0574e+04   2.8067e+04   3.0554e+04   1.5040e+02   6.7700e-03   1.1750e+05   9.9847e-01   4.0691e-01   4.4936e-01   8.0155e-02   3.1835e-02   3.0499e-02   1.1980e-03   2.0334e-05   2.0196e-05   5.0140e-08   8.3432e-11   7.0857e-11   1.0239e-06   9.6295e-07   2.4160e-12   2.8373e-14   2.4081e-14   8.4567e-16   
7.3443534614e+16  2.7850e+01   3.9895e+01   1.0090e+01   3.3905e+05   1.0618e+04   2.8184e+04   3.0681e+04   1.4973e+02   6.7570e-03   1.1799e+05   9.8532e-01   4.1012e-01   4.4913e-01   7.8972e-02   3.0944e-02   2.9636e-02   1.1535e-03   1.8804e-05   1.8629e-05   4.5198e-08   7.4150e-11   6.2907e-11   9.0858e-07   8.5424e-07   2.1368e-12   2.4173e-14   2.0520e-14   7.0877e-16   
7.3925936525e+16  2.7578e+01   3.9285e+01   1.0090e+01   3.3766e+05   1.0662e+04   2.8300e+04   3.0808e+04   1.4892e+02   6.7405e-03   1.1848e+05   9.7120e-01   4.1386e-01   4.4880e-01   7.7553e-02   2.9960e-02   2.8683e-02   1.1007e-03   1.7269e-05   1.7109e-05   4.0263e-08   6.5014e-11   5.5081e-11   7.9509e-07   7.4725e-07   1.8614e-12   2.0200e-14   1.7146e-14   5.8159e-16   
7.4419188392e+16  2.7286e+01   3.8665e+01   1.0090e+01   3.3627e+05   1.0706e+04   2.8417e+04   3.0935e+04   1.4811e+02   6.7235e-03   1.1897e+05   9.5775e-01   4.1779e-01   4.4845e-01   7.6078e-02   2.8922e-02   2.7679e-02   1.0467e-03   1.5721e-05   1.5571e-05   3.5442e-08   5.6316e-11   4.7648e-11   6.8683e-07   6.4524e-07   1.5996e-12   1.6583e-14   1.4075e-14   4.6800e-16   
7.4930945534e+16  2.6980e+01   3.8044e+01   1.0080e+01   3.3491e+05   1.0749e+04   2.8533e+04   3.1061e+04   1.4728e+02   6.7061e-03   1.1945e+05   9.4412e-01   4.2377e-01   4.4778e-01   7.3360e-02   2.7658e-02   2.6453e-02   9.4914e-04   1.4057e-05   1.3844e-05   2.8986e-08   4.7474e-11   4.0326e-11   5.8276e-07   5.4719e-07   1.3414e-12   1.3273e-14   1.1239e-14   3.6605e-16   
7.5468036680e+16  2.6738e+01   3.7522e+01   1.0080e+01   3.3350e+05   1.0795e+04   2.8653e+04   3.1192e+04   1.4646e+02   6.6931e-03   1.1995e+05   9.2970e-01   4.2554e-01   4.4838e-01   7.2522e-02   2.6900e-02   2.5716e-02   9.1825e-04   1.2941e-05   1.2818e-05   2.6299e-08   4.2183e-11   3.5719e-11   5.1512e-07   4.8351e-07   1.1829e-12   1.1246e-14   9.5257e-15   3.0490e-16   
7.6024893439e+16  2.6467e+01   3.6915e+01   1.0070e+01   3.3209e+05   1.0841e+04   2.8775e+04   3.1324e+04   1.4552e+02   6.6765e-03   1.2046e+05   9.1438e-01   4.2954e-01   4.4757e-01   7.1196e-02   2.5976e-02   2.4825e-02   8.7665e-04   1.1799e-05   1.1675e-05   2.3300e-08   3.6674e-11   3.0998e-11   4.4586e-07   4.1833e-07   1.0195e-12   9.2610e-15   7.8460e-15   2.4625e-16   
7.6623606273e+16  2.6174e+01   3.6300e+01   1.0070e+01   3.3068e+05   1.0887e+04   2.8898e+04   3.1458e+04   1.4457e+02   6.6596e-03   1.2098e+05   8.9891e-01   4.3360e-01   4.4682e-01   6.9839e-02   2.5004e-02   2.3886e-02   8.3404e-04   1.0643e-05   1.0534e-05   2.0402e-08   3.1415e-11   2.6496e-11   3.8021e-07   3.5658e-07   8.6522e-13   7.4717e-15   6.3317e-15   1.9443e-16   
7.7249626297e+16  2.5835e+01   3.5624e+01   1.0060e+01   3.2916e+05   1.0937e+04   2.9031e+04   3.1603e+04   1.4341e+02   6.6406e-03   1.2154e+05   8.8197e-01   4.3849e-01   4.4572e-01   6.8270e-02   2.3897e-02   2.2820e-02   7.8635e-04   9.4111e-06   9.3117e-06   1.7417e-08   2.6181e-11   2.2017e-11   3.1492e-07   2.9519e-07   7.1231e-13   5.7939e-15   4.9114e-15   1.4698e-16   
7.7948794128e+16  2.5594e+01   3.5094e+01   1.0060e+01   3.2771e+05   1.0985e+04   2.9165e+04   3.1749e+04   1.4233e+02   6.6277e-03   1.2207e+05   8.6551e-01   4.4312e-01   4.4501e-01   6.6211e-02   2.2982e-02   2.1934e-02   7.2221e-04   8.4800e-06   8.3660e-06   1.4563e-08   2.2592e-11   1.9055e-11   2.7271e-07   2.5552e-07   6.1145e-13   4.7732e-15   4.0373e-15   1.1865e-16   
7.8652082252e+16  2.5265e+01   3.4377e+01   1.0050e+01   3.2598e+05   1.1044e+04   2.9320e+04   3.1918e+04   1.4101e+02   6.6088e-03   1.2272e+05   8.4474e-01   4.4833e-01   4.4400e-01   6.4236e-02   2.1880e-02   2.0869e-02   6.6719e-04   7.4597e-06   7.3432e-06   1.2093e-08   1.8665e-11   1.5739e-11   2.2442e-07   2.1015e-07   4.9924e-13   3.6704e-15   3.1022e-15   8.8853e-17   
7.9295260121e+16  2.4984e+01   3.3806e+01   1.0050e+01   3.2463e+05   1.1089e+04   2.9441e+04   3.2050e+04   1.3986e+02   6.5936e-03   1.2323e+05   8.2851e-01   4.5060e-01   4.4379e-01   6.3667e-02   2.1128e-02   2.0145e-02   6.5182e-04   6.7272e-06   6.6837e-06   1.0968e-08   1.6093e-11   1.3480e-11   1.9093e-07   1.7872e-07   4.2420e-13   2.9521e-15   2.4994e-15   6.9944e-17   
7.9957423312e+16  2.4757e+01   3.3306e+01   1.0050e+01   3.2327e+05   1.1136e+04   2.9566e+04   3.2185e+04   1.3872e+02   6.5820e-03   1.2375e+05   8.1129e-01   4.5688e-01   4.4171e-01   6.1294e-02   2.0230e-02   1.9280e-02   5.8960e-04   6.0255e-06   5.9365e-06   8.9623e-09   1.3783e-11   1.1603e-11   1.6448e-07   1.5390e-07   3.6150e-13   2.4149e-15   2.0389e-15   5.6041e-17   
8.0643079463e+16  2.4509e+01   3.2774e+01   1.0040e+01   3.2194e+05   1.1182e+04   2.9687e+04   3.2318e+04   1.3755e+02   6.5687e-03   1.2426e+05   7.9433e-01   4.5961e-01   4.4194e-01   5.9880e-02   1.9467e-02   1.8540e-02   5.5268e-04   5.4305e-06   5.3519e-06   7.7183e-09   1.1849e-11   9.9732e-12   1.4083e-07   1.3171e-07   3.0754e-13   1.9580e-15   1.6518e-15   4.4481e-17   
8.1354105141e+16  2.4235e+01   3.2219e+01   1.0040e+01   3.2059e+05   1.1229e+04   2.9812e+04   3.2454e+04   1.3626e+02   6.5546e-03   1.2478e+05   7.7661e-01   4.6444e-01   4.4029e-01   5.8388e-02   1.8623e-02   1.7729e-02   5.1914e-04   4.8187e-06   4.7492e-06   6.5876e-09   9.9959e-12   8.3983e-12   1.1803e-07   1.1033e-07   2.5615e-13   1.5432e-15   1.3017e-15   3.4239e-17   
8.2082136878e+16  2.4020e+01   3.1748e+01   1.0040e+01   3.1927e+05   1.1276e+04   2.9936e+04   3.2589e+04   1.3495e+02   6.5449e-03   1.2530e+05   7.5895e-01   4.6790e-01   4.3959e-01   5.6989e-02   1.7949e-02   1.7079e-02   4.8564e-04   4.3506e-06   4.2869e-06   5.6581e-09   8.6878e-12   7.3025e-12   1.0234e-07   9.5626e-08   2.2069e-13   1.2734e-15   1.0730e-15   2.7705e-17   
8.2848790166e+16  2.3781e+01   3.1243e+01   1.0040e+01   3.1796e+05   1.1322e+04   3.0059e+04   3.2723e+04   1.3362e+02   6.5337e-03   1.2582e+05   7.4101e-01   4.7197e-01   4.3830e-01   5.5640e-02   1.7235e-02   1.6393e-02   4.5696e-04   3.9080e-06   3.8515e-06   4.8898e-09   7.4480e-12   6.2539e-12   8.7183e-08   8.1427e-08   1.8693e-13   1.0261e-15   8.6434e-16   2.1851e-17   
8.3580469002e+16  2.3510e+01   3.0704e+01   1.0030e+01   3.1661e+05   1.1370e+04   3.0188e+04   3.2862e+04   1.3216e+02   6.5215e-03   1.2635e+05   7.2208e-01   4.7645e-01   4.3678e-01   5.4226e-02   1.6459e-02   1.5647e-02   4.2741e-04   3.4443e-06   3.3948e-06   4.1352e-09   6.2405e-12   5.2312e-12   7.2507e-08   6.7686e-08   1.5443e-13   8.0014e-16   6.7380e-16   1.6622e-17   
8.4359848404e+16  2.3340e+01   3.0338e+01   1.0030e+01   3.1551e+05   1.1410e+04   3.0294e+04   3.2975e+04   1.3098e+02   6.5158e-03   1.2679e+05   7.0641e-01   4.7935e-01   4.3620e-01   5.2970e-02   1.5935e-02   1.5142e-02   4.0028e-04   3.1474e-06   3.1024e-06   3.5927e-09   5.5336e-12   4.6449e-12   6.4229e-08   5.9938e-08   1.3592e-13   6.7952e-16   5.7140e-16   1.3881e-17   
8.5277580941e+16  2.3095e+01   2.9822e+01   1.0030e+01   3.1411e+05   1.1461e+04   3.0429e+04   3.3122e+04   1.2939e+02   6.5065e-03   1.2736e+05   6.8594e-01   4.8438e-01   4.3409e-01   5.1467e-02   1.5220e-02   1.4456e-02   3.7260e-04   2.7953e-06   2.7457e-06   3.0423e-09   4.6712e-12   3.9200e-12   5.3852e-08   5.0230e-08   1.1320e-13   5.3606e-16   4.5050e-16   1.0697e-17   
8.6233385095e+16  2.2819e+01   2.9283e+01   1.0030e+01   3.1270e+05   1.1513e+04   3.0572e+04   3.3278e+04   1.2773e+02   6.4970e-03   1.2793e+05   6.6472e-01   4.8818e-01   4.3284e-01   5.0333e-02   1.4515e-02   1.3780e-02   3.5147e-04   2.4457e-06   2.4100e-06   2.5913e-09   3.8832e-12   3.2470e-12   4.4223e-08   4.1226e-08   9.2473e-14   4.1098e-16   3.4552e-16   7.9883e-18   
8.7200237372e+16  2.2605e+01   2.8832e+01   1.0020e+01   3.1132e+05   1.1564e+04   3.0708e+04   3.3425e+04   1.2601e+02   6.4928e-03   1.2850e+05   6.4350e-01   4.9242e-01   4.3114e-01   4.8985e-02   1.3917e-02   1.3206e-02   3.2697e-04   2.1786e-06   2.1460e-06   2.1969e-09   3.3255e-12   2.7811e-12   3.7663e-08   3.5096e-08   7.8238e-14   3.3116e-16   2.7813e-16   6.2988e-18   
8.8167860400e+16  2.2373e+01   2.8366e+01   1.0020e+01   3.1000e+05   1.1612e+04   3.0838e+04   3.3567e+04   1.2431e+02   6.4877e-03   1.2904e+05   6.2281e-01   4.9736e-01   4.2912e-01   4.7374e-02   1.3260e-02   1.2575e-02   2.9953e-04   1.9227e-06   1.8846e-06   1.8225e-09   2.7924e-12   2.3380e-12   3.1463e-08   2.9304e-08   6.4787e-14   2.5983e-16   2.1791e-16   4.8241e-18   
8.9172156092e+16  2.2129e+01   2.7911e+01   1.0020e+01   3.0876e+05   1.1659e+04   3.0962e+04   3.3702e+04   1.2262e+02   6.4828e-03   1.2956e+05   6.0268e-01   5.0086e-01   4.2793e-01   4.6256e-02   1.2664e-02   1.2003e-02   2.8116e-04   1.6877e-06   1.6593e-06   1.5492e-09   2.3413e-12   1.9560e-12   2.6099e-08   2.4295e-08   5.3407e-14   2.0183e-16   1.6925e-16   3.6547e-18   
9.0247972618e+16  2.1936e+01   2.7516e+01   1.0020e+01   3.0748e+05   1.1708e+04   3.1091e+04   3.3843e+04   1.2081e+02   6.4834e-03   1.3010e+05   5.8159e-01   5.0451e-01   4.2648e-01   4.5065e-02   1.2161e-02   1.1522e-02   2.6227e-04   1.5049e-06   1.4870e-06   1.3261e-09   2.0201e-12   1.6874e-12   2.2367e-08   2.0813e-08   4.5482e-14   1.6400e-16   1.3739e-16   2.9084e-18   
9.1379679642e+16  2.1712e+01   2.7082e+01   1.0010e+01   3.0618e+05   1.1757e+04   3.1222e+04   3.3986e+04   1.1892e+02   6.4833e-03   1.3065e+05   5.5973e-01   5.1015e-01   4.2366e-01   4.3453e-02   1.1555e-02   1.0942e-02   2.3888e-04   1.3226e-06   1.2944e-06   1.0900e-09   1.6875e-12   1.4121e-12   1.8575e-08   1.7275e-08   3.7421e-14   1.2768e-16   1.0680e-16   2.2091e-18   
9.2340205653e+16  2.1468e+01   2.6646e+01   1.0010e+01   3.0492e+05   1.1806e+04   3.1352e+04   3.4127e+04   1.1697e+02   6.4839e-03   1.3119e+05   5.3781e-01   5.1374e-01   4.2261e-01   4.2080e-02   1.0971e-02   1.0381e-02   2.1862e-04   1.1377e-06   1.1295e-06   8.9586e-10   1.3925e-12   1.1643e-12   1.5180e-08   1.4110e-08   3.0302e-14   9.7161e-17   8.1172e-17   1.6357e-18   
9.3183042893e+16  2.1358e+01   2.6424e+01   1.0010e+01   3.0411e+05   1.1837e+04   3.1435e+04   3.4217e+04   1.1569e+02   6.4887e-03   1.3154e+05   5.2354e-01   5.1544e-01   4.2225e-01   4.1293e-02   1.0694e-02   1.0115e-02   2.0754e-04   1.0569e-06   1.0463e-06   8.0437e-10   1.2701e-12   1.0635e-12   1.3809e-08   1.2832e-08   2.7430e-14   8.5528e-17   7.1374e-17   1.4212e-18   
9.4176168745e+16  2.1215e+01   2.6144e+01   1.0010e+01   3.0318e+05   1.1874e+04   3.1531e+04   3.4322e+04   1.1418e+02   6.4937e-03   1.3194e+05   5.0700e-01   5.1839e-01   4.2077e-01   4.0489e-02   1.0359e-02   9.7943e-03   1.9788e-04   9.7117e-07   9.6261e-07   7.2126e-10   1.1333e-12   9.4824e-13   1.2229e-08   1.1360e-08   2.4189e-14   7.2638e-17   6.0599e-17   1.1879e-18   
9.5329857915e+16  2.1040e+01   2.5822e+01   1.0010e+01   3.0216e+05   1.1914e+04   3.1638e+04   3.4438e+04   1.1245e+02   6.4998e-03   1.3239e+05   4.8815e-01   5.2084e-01   4.1941e-01   4.0067e-02   1.0020e-02   9.4716e-03   1.9316e-04   8.8528e-07   8.7562e-07   6.5710e-10   9.9504e-13   8.2890e-13   1.0577e-08   9.8220e-09   2.0893e-14   5.9750e-17   4.9909e-17   9.5896e-19   
9.6692286293e+16  2.0883e+01   2.5516e+01   1.0010e+01   3.0103e+05   1.1959e+04   3.1765e+04   3.4573e+04   1.1047e+02   6.5116e-03   1.3289e+05   4.6720e-01   5.2492e-01   4.1725e-01   3.8925e-02   9.6307e-03   9.1002e-03   1.7879e-04   7.9193e-07   7.8881e-07   5.6344e-10   8.6838e-13   7.2432e-13   9.1779e-09   8.5194e-09   1.8003e-14   4.9385e-17   4.1188e-17   7.7761e-19   
9.8304246207e+16  2.0678e+01   2.5144e+01   1.0010e+01   2.9976e+05   1.2009e+04   3.1899e+04   3.4719e+04   1.0815e+02   6.5254e-03   1.3345e+05   4.4292e-01   5.2962e-01   4.1482e-01   3.7596e-02   9.1541e-03   8.6451e-03   1.6327e-04   6.9352e-07   6.8773e-07   4.6731e-10   7.2697e-13   6.0701e-13   7.6138e-09   7.0639e-09   1.4805e-14   3.8392e-17   3.1974e-17   5.8971e-19   
1.0021889562e+17  2.0493e+01   2.4791e+01   1.0010e+01   2.9839e+05   1.2064e+04   3.2046e+04   3.4879e+04   1.0551e+02   6.5476e-03   1.3406e+05   4.1598e-01   5.3317e-01   4.1327e-01   3.6423e-02   8.7418e-03   8.2504e-03   1.5002e-04   6.1147e-07   6.0697e-07   3.9363e-10   6.1817e-13   5.1671e-13   6.4157e-09   5.9496e-09   1.2382e-14   3.0496e-17   2.5362e-17   4.5780e-19   
1.0239169114e+17  2.0247e+01   2.4370e+01   1.0000e+01   2.9688e+05   1.2126e+04   3.2208e+04   3.5056e+04   1.0242e+02   6.5746e-03   1.3474e+05   3.8529e-01   5.3808e-01   4.1050e-01   3.5260e-02   8.2461e-03   7.7784e-03   1.3840e-04   5.2166e-07   5.1830e-07   3.2493e-10   5.0094e-13   4.1778e-13   5.1090e-09   4.7349e-09   9.7891e-15   2.2440e-17   1.8658e-17   3.2697e-19   
1.0483451766e+17  2.0067e+01   2.4031e+01   1.0000e+01   2.9541e+05   1.2186e+04   3.2370e+04   3.5229e+04   9.9219e+01   6.6127e-03   1.3542e+05   3.5442e-01   5.4263e-01   4.0814e-01   3.3880e-02   7.8368e-03   7.3875e-03   1.2446e-04   4.5553e-07   4.5235e-07   2.6728e-10   4.2234e-13   3.5328e-13   4.2756e-09   3.9606e-09   8.1150e-15   1.7668e-17   1.4657e-17   2.5138e-19   
1.0754611907e+17  1.9831e+01   2.3641e+01   1.0000e+01   2.9388e+05   1.2249e+04   3.2538e+04   3.5412e+04   9.5650e+01   6.6573e-03   1.3612e+05   3.2085e-01   5.4716e-01   4.0563e-01   3.2743e-02   7.3881e-03   6.9601e-03   1.1427e-04   3.8809e-07   3.8531e-07   2.2005e-10   3.4218e-13   2.8572e-13   3.4031e-09   3.1505e-09   6.4105e-15   1.2986e-17   1.0766e-17   1.7951e-19   