velocity width (cm/s) - double overlap - triple overlap
1.0000e+04    5         0         
1.0500e+04    5         0         
1.1025e+04    5         0         
1.1576e+04    5         0         
1.2155e+04    5         0         
1.2763e+04    6         0         
1.3401e+04    6         0         
1.4071e+04    6         0         
1.4775e+04    7         0         
1.5513e+04    8         0         
1.6289e+04    11        0         
1.7103e+04    11        0         
1.7959e+04    11        0         
1.8856e+04    13        0         
1.9799e+04    14        0         
2.0789e+04    14        0         
2.1829e+04    15        0         
2.2920e+04    15        1         
2.4066e+04    15        1         
2.5270e+04    15        1         
2.6533e+04    16        1         
2.7860e+04    16        1         
2.9253e+04    16        2         
3.0715e+04    17        2         
3.2251e+04    17        4         
3.3864e+04    17        4         
3.5557e+04    17        4         
3.7335e+04    17        4         
3.9201e+04    17        5         
4.1161e+04    17        5         
4.3219e+04    17        5         
4.5380e+04    20        6         
4.7649e+04    20        6         
5.0032e+04    20        6         
5.2533e+04    20        6         
5.5160e+04    21        6         
5.7918e+04    21        7         
6.0814e+04    21        7         
6.3855e+04    21        9         
6.7048e+04    21        9         
7.0400e+04    22        10        
7.3920e+04    22        10        
7.7616e+04    22        10        
8.1497e+04    22        11        
8.5572e+04    23        11        
8.9850e+04    23        11        
9.4343e+04    23        12        
9.9060e+04    23        12        
